# s t p1 p2 p3 q1 q2 q3 r
3 3 0.333333 0.333333 0.333333 0.333333 0.333333 0.333333 0.500000
3 6 0.400000 0.400000 0.200000 0.400000 0.400000 0.200000 0.625000
3 9 0.361111 0.333333 0.305556 0.333333 0.361111 0.305556 0.771727
3 12 0.367392 0.328094 0.304515 0.328094 0.367392 0.304515 0.837165
3 15 0.348748 0.328605 0.322647 0.328605 0.348748 0.322647 0.896572
3 18 0.347160 0.328258 0.324581 0.328258 0.347160 0.324581 0.928244
3 21 0.340622 0.330285 0.329093 0.330285 0.340622 0.329093 0.953479
3 24 0.339081 0.330780 0.330139 0.330780 0.339081 0.330139 0.968268
3 27 0.336677 0.331781 0.331542 0.331781 0.336677 0.331542 0.979182
3 30 0.335787 0.332166 0.332047 0.332166 0.335787 0.332047 0.985941
3 33 0.334847 0.332600 0.332553 0.332600 0.334847 0.332553 0.990713
3 36 0.334399 0.332812 0.332789 0.332812 0.334399 0.332789 0.993763
3 39 0.334014 0.332998 0.332988 0.332998 0.334014 0.332988 0.995864
3 42 0.333801 0.333102 0.333097 0.333102 0.333801 0.333097 0.997231
3 45 0.333638 0.333182 0.333180 0.333182 0.333638 0.333180 0.998160
3 48 0.333540 0.333230 0.333230 0.333230 0.333540 0.333230 0.998770
3 51 0.333469 0.333266 0.333265 0.333266 0.333469 0.333265 0.999182
3 54 0.333425 0.333288 0.333288 0.333288 0.333425 0.333288 0.999454
3 57 0.333394 0.333303 0.333303 0.333303 0.333394 0.333303 0.999636
3 60 0.333374 0.333313 0.333313 0.333313 0.333374 0.333313 0.999757
3 63 0.333360 0.333320 0.333320 0.333320 0.333360 0.333320 0.999838
3 66 0.333351 0.333324 0.333324 0.333324 0.333351 0.333324 0.999892
3 69 0.333345 0.333327 0.333327 0.333327 0.333345 0.333327 0.999928
3 72 0.333341 0.333329 0.333329 0.333329 0.333341 0.333329 0.999952
3 75 0.333339 0.333331 0.333331 0.333331 0.333339 0.333331 0.999968
3 78 0.333337 0.333332 0.333332 0.333332 0.333337 0.333332 0.999979
3 81 0.333336 0.333332 0.333332 0.333332 0.333336 0.333332 0.999986
3 84 0.333335 0.333333 0.333333 0.333333 0.333335 0.333333 0.999991
3 87 0.333334 0.333333 0.333333 0.333333 0.333334 0.333333 0.999994
3 90 0.333334 0.333333 0.333333 0.333333 0.333334 0.333333 0.999996
3 93 0.333334 0.333333 0.333333 0.333333 0.333334 0.333333 0.999997
3 96 0.333334 0.333333 0.333333 0.333333 0.333334 0.333333 0.999998
3 99 0.333334 0.333333 0.333333 0.333333 0.333334 0.333333 0.999999

6 3 0.400000 0.400000 0.200000 0.400000 0.400000 0.200000 0.375000
6 6 0.310078 0.496124 0.193798 0.310078 0.496124 0.193798 0.500000
6 9 0.422470 0.279403 0.298128 0.279403 0.422470 0.298128 0.648595
6 12 0.406069 0.289252 0.304679 0.289252 0.406069 0.304679 0.732288
6 15 0.373920 0.302558 0.323522 0.302558 0.373920 0.323522 0.814687
6 18 0.365438 0.309586 0.324976 0.309586 0.365438 0.324976 0.863902
6 21 0.352099 0.317799 0.330102 0.317799 0.352099 0.330102 0.906195
6 24 0.347651 0.321824 0.330525 0.321824 0.347651 0.330525 0.932791
6 27 0.342189 0.325822 0.331989 0.325822 0.342189 0.331989 0.953681
6 30 0.339856 0.327940 0.332204 0.327940 0.339856 0.332204 0.967331
6 33 0.337544 0.329773 0.332683 0.329773 0.337544 0.332683 0.977480
6 36 0.336353 0.330833 0.332815 0.330833 0.336353 0.332815 0.984274
6 39 0.335335 0.331665 0.333000 0.331665 0.335335 0.333000 0.989163
6 42 0.334743 0.332178 0.333079 0.332178 0.334743 0.333079 0.992481
6 45 0.334282 0.332557 0.333160 0.332557 0.334282 0.333160 0.994824
6 48 0.333994 0.332801 0.333205 0.332801 0.333994 0.333205 0.996424
6 51 0.333781 0.332974 0.333244 0.332974 0.333781 0.333244 0.997541
6 54 0.333643 0.333088 0.333269 0.333088 0.333643 0.333269 0.998307
6 57 0.333544 0.333168 0.333288 0.333168 0.333544 0.333288 0.998837
6 60 0.333478 0.333220 0.333301 0.333220 0.333478 0.333301 0.999201
6 63 0.333432 0.333257 0.333311 0.333257 0.333432 0.333311 0.999452
6 66 0.333401 0.333281 0.333317 0.333281 0.333401 0.333317 0.999624
6 69 0.333380 0.333298 0.333322 0.333298 0.333380 0.333322 0.999743
6 72 0.333365 0.333310 0.333325 0.333310 0.333365 0.333325 0.999824
6 75 0.333355 0.333317 0.333328 0.333317 0.333355 0.333328 0.999880
6 78 0.333348 0.333322 0.333330 0.333322 0.333348 0.333330 0.999918
6 81 0.333343 0.333326 0.333331 0.333326 0.333343 0.333331 0.999944
6 84 0.333340 0.333328 0.333331 0.333328 0.333340 0.333331 0.999962
6 87 0.333338 0.333330 0.333332 0.333330 0.333338 0.333332 0.999974
6 90 0.333337 0.333331 0.333332 0.333331 0.333337 0.333332 0.999982
6 93 0.333335 0.333332 0.333333 0.333332 0.333335 0.333333 0.999988
6 96 0.333335 0.333332 0.333333 0.333332 0.333335 0.333333 0.999992
6 99 0.333334 0.333333 0.333333 0.333333 0.333334 0.333333 0.999994

9 3 0.333333 0.361111 0.305556 0.361111 0.333333 0.305556 0.228273
9 6 0.279403 0.422470 0.298128 0.422470 0.279403 0.298128 0.351405
9 9 0.306349 0.406543 0.287107 0.306349 0.406543 0.287107 0.500000
9 12 0.402375 0.305633 0.291992 0.305633 0.402375 0.291992 0.594007
9 15 0.377595 0.307916 0.314489 0.307916 0.377595 0.314489 0.695323
9 18 0.372652 0.310873 0.316476 0.310873 0.372652 0.316476 0.763189
9 21 0.358895 0.316264 0.324842 0.316264 0.358895 0.324842 0.825656
9 24 0.354368 0.319292 0.326340 0.319292 0.354368 0.326340 0.868709
9 27 0.347414 0.323181 0.329405 0.323181 0.347414 0.329405 0.904579
9 30 0.344333 0.325421 0.330245 0.325421 0.344333 0.330245 0.929728
9 33 0.340887 0.327691 0.331422 0.327691 0.340887 0.331422 0.949395
9 36 0.339027 0.329098 0.331875 0.329098 0.339027 0.331875 0.963307
9 39 0.337306 0.330327 0.332366 0.330327 0.337306 0.332366 0.973763
9 42 0.336257 0.331133 0.332610 0.331133 0.336257 0.332610 0.981183
9 45 0.335389 0.331776 0.332835 0.331776 0.335389 0.332835 0.986624
9 48 0.334822 0.332212 0.332966 0.332212 0.334822 0.332966 0.990483
9 51 0.334382 0.332542 0.333075 0.332542 0.334382 0.333075 0.993268
9 54 0.334084 0.332770 0.333145 0.332770 0.334084 0.333145 0.995239
9 57 0.333862 0.332937 0.333200 0.332937 0.333862 0.333200 0.996646
9 60 0.333709 0.333054 0.333237 0.333054 0.333709 0.333237 0.997639
9 63 0.333598 0.333137 0.333265 0.333137 0.333598 0.333265 0.998343
9 66 0.333520 0.333196 0.333284 0.333196 0.333520 0.333284 0.998838
9 69 0.333464 0.333237 0.333299 0.333237 0.333464 0.333299 0.999187
9 72 0.333425 0.333266 0.333309 0.333266 0.333425 0.333309 0.999432
9 75 0.333398 0.333287 0.333316 0.333287 0.333398 0.333316 0.999604
9 78 0.333378 0.333301 0.333321 0.333301 0.333378 0.333321 0.999724
9 81 0.333365 0.333311 0.333325 0.333311 0.333365 0.333325 0.999808
9 84 0.333355 0.333318 0.333327 0.333318 0.333355 0.333327 0.999866
9 87 0.333349 0.333322 0.333329 0.333322 0.333349 0.333329 0.999907
9 90 0.333344 0.333326 0.333330 0.333326 0.333344 0.333330 0.999936
9 93 0.333341 0.333328 0.333331 0.333328 0.333341 0.333331 0.999955
9 96 0.333338 0.333330 0.333332 0.333330 0.333338 0.333332 0.999969
9 99 0.333337 0.333331 0.333332 0.333331 0.333337 0.333332 0.999979

12 3 0.328094 0.367392 0.304515 0.367392 0.328094 0.304515 0.162835
12 6 0.289252 0.406069 0.304679 0.406069 0.289252 0.304679 0.267712
12 9 0.305633 0.402375 0.291992 0.402375 0.305633 0.291992 0.405993
12 12 0.292474 0.422680 0.284846 0.292474 0.422680 0.284846 0.500000
12 15 0.394576 0.294885 0.310538 0.294885 0.394576 0.310538 0.596900
12 18 0.384840 0.299776 0.315384 0.299776 0.384840 0.315384 0.673927
12 21 0.370915 0.306268 0.322817 0.306268 0.370915 0.322817 0.746253
12 24 0.363963 0.310905 0.325132 0.310905 0.363963 0.325132 0.801370
12 27 0.355362 0.316087 0.328552 0.316087 0.355362 0.328552 0.849015
12 30 0.350725 0.319629 0.329647 0.319629 0.350725 0.329647 0.884756
12 33 0.345870 0.323069 0.331061 0.323069 0.345870 0.331061 0.913818
12 36 0.342973 0.325436 0.331591 0.325436 0.342973 0.331591 0.935439
12 39 0.340316 0.327503 0.332181 0.327503 0.340316 0.332181 0.952296
12 42 0.338595 0.328952 0.332453 0.328952 0.338595 0.332453 0.964754
12 45 0.337153 0.330129 0.332718 0.330129 0.337153 0.332718 0.974199
12 48 0.336168 0.330966 0.332866 0.330966 0.336168 0.332866 0.981134
12 51 0.335389 0.331615 0.332996 0.331615 0.335389 0.332996 0.986293
12 54 0.334842 0.332080 0.333078 0.332080 0.334842 0.333078 0.990058
12 57 0.334425 0.332429 0.333147 0.332429 0.334425 0.333147 0.992822
12 60 0.334127 0.332680 0.333193 0.332680 0.334127 0.333193 0.994827
12 63 0.333905 0.332864 0.333230 0.332864 0.333905 0.333230 0.996285
12 66 0.333746 0.332997 0.333257 0.332997 0.333746 0.333257 0.997337
12 69 0.333630 0.333093 0.333277 0.333093 0.333630 0.333277 0.998096
12 72 0.333546 0.333162 0.333292 0.333162 0.333546 0.333292 0.998641
12 75 0.333485 0.333211 0.333303 0.333211 0.333485 0.333303 0.999033
12 78 0.333442 0.333247 0.333311 0.333247 0.333442 0.333311 0.999312
12 81 0.333411 0.333272 0.333317 0.333272 0.333411 0.333317 0.999512
12 84 0.333388 0.333290 0.333322 0.333290 0.333388 0.333322 0.999654
12 87 0.333372 0.333303 0.333325 0.333303 0.333372 0.333325 0.999756
12 90 0.333361 0.333312 0.333327 0.333312 0.333361 0.333327 0.999827
12 93 0.333353 0.333318 0.333329 0.333318 0.333353 0.333329 0.999878
12 96 0.333347 0.333323 0.333330 0.333323 0.333347 0.333330 0.999914
12 99 0.333343 0.333326 0.333331 0.333326 0.333343 0.333331 0.999940

15 3 0.328605 0.348748 0.322647 0.348748 0.328605 0.322647 0.103428
15 6 0.302558 0.373920 0.323522 0.373920 0.302558 0.323522 0.185313
15 9 0.307916 0.377595 0.314489 0.377595 0.307916 0.314489 0.304677
15 12 0.294885 0.394576 0.310538 0.394576 0.294885 0.310538 0.403100
15 15 0.299703 0.399352 0.300944 0.299703 0.399352 0.300944 0.500000
15 18 0.389039 0.301504 0.309457 0.301504 0.389039 0.309457 0.577810
15 21 0.375621 0.305273 0.319106 0.305273 0.375621 0.319106 0.657651
15 24 0.370022 0.308831 0.321147 0.308831 0.370022 0.321147 0.721345
15 27 0.360911 0.313246 0.325843 0.313246 0.360911 0.325843 0.779834
15 30 0.356112 0.316557 0.327332 0.316557 0.356112 0.327332 0.825884
15 33 0.350426 0.320091 0.329482 0.320091 0.350426 0.329482 0.865183
15 36 0.346975 0.322680 0.330345 0.322680 0.346975 0.330345 0.895723
15 39 0.343573 0.325110 0.331318 0.325110 0.343573 0.331318 0.920523
15 42 0.341307 0.326904 0.331790 0.326904 0.341307 0.331790 0.939562
15 45 0.339311 0.328445 0.332245 0.328445 0.339311 0.332245 0.954510
15 48 0.337905 0.329592 0.332503 0.329592 0.337905 0.332503 0.965858
15 51 0.336749 0.330522 0.332730 0.330522 0.336749 0.332730 0.974562
15 54 0.335910 0.331215 0.332875 0.331215 0.335910 0.332875 0.981104
15 57 0.335249 0.331757 0.332994 0.331757 0.335249 0.332994 0.986039
15 60 0.334763 0.332161 0.333076 0.332161 0.334763 0.333076 0.989716
15 63 0.334390 0.332468 0.333142 0.332468 0.334390 0.333142 0.992456
15 66 0.334115 0.332696 0.333189 0.332696 0.334115 0.333189 0.994480
15 69 0.333908 0.332866 0.333226 0.332866 0.333908 0.333226 0.995975
15 72 0.333755 0.332992 0.333253 0.332992 0.333755 0.333253 0.997073
15 75 0.333642 0.333085 0.333274 0.333085 0.333642 0.333274 0.997877
15 78 0.333558 0.333153 0.333289 0.333153 0.333558 0.333289 0.998463
15 81 0.333497 0.333202 0.333301 0.333202 0.333497 0.333301 0.998891
15 84 0.333452 0.333239 0.333309 0.333239 0.333452 0.333309 0.999201
15 87 0.333419 0.333265 0.333316 0.333265 0.333419 0.333316 0.999425
15 90 0.333395 0.333284 0.333320 0.333284 0.333395 0.333320 0.999588
15 93 0.333378 0.333298 0.333324 0.333298 0.333378 0.333324 0.999704
15 96 0.333365 0.333308 0.333326 0.333308 0.333365 0.333326 0.999789
15 99 0.333356 0.333315 0.333328 0.333315 0.333356 0.333328 0.999849

18 3 0.328258 0.347160 0.324581 0.347160 0.328258 0.324581 0.071756
18 6 0.309586 0.365438 0.324976 0.365438 0.309586 0.324976 0.136098
18 9 0.310873 0.372652 0.316476 0.372652 0.310873 0.316476 0.236811
18 12 0.299776 0.384840 0.315384 0.384840 0.299776 0.315384 0.326073
18 15 0.301504 0.389039 0.309457 0.389039 0.301504 0.309457 0.422190
18 18 0.296369 0.399589 0.304042 0.296369 0.399589 0.304042 0.500000
18 21 0.383860 0.299982 0.316158 0.299982 0.383860 0.316158 0.576229
18 24 0.376281 0.303640 0.320080 0.303640 0.376281 0.320080 0.644905
18 27 0.368059 0.308074 0.323866 0.308074 0.368059 0.323866 0.708700
18 30 0.362204 0.311748 0.326048 0.311748 0.362204 0.326048 0.762747
18 33 0.356075 0.315602 0.328324 0.315602 0.356075 0.328324 0.810179
18 36 0.351788 0.318694 0.329519 0.318694 0.351788 0.329519 0.848996
18 39 0.347687 0.321624 0.330688 0.321624 0.347687 0.330688 0.881521
18 42 0.344743 0.323933 0.331325 0.323933 0.344743 0.331325 0.907514
18 45 0.342138 0.325961 0.331902 0.325961 0.342138 0.331902 0.928550
18 48 0.340215 0.327543 0.332242 0.327543 0.340215 0.332242 0.945059
18 51 0.338607 0.328861 0.332532 0.328861 0.338607 0.332532 0.958083
18 54 0.337400 0.329880 0.332719 0.329880 0.337400 0.332719 0.968156
18 57 0.336428 0.330699 0.332873 0.330699 0.336428 0.332873 0.975954
18 60 0.335693 0.331327 0.332979 0.331327 0.335693 0.332979 0.981911
18 63 0.335116 0.331819 0.333065 0.331819 0.335116 0.333065 0.986458
18 66 0.334680 0.332193 0.333127 0.332193 0.334680 0.333127 0.989897
18 69 0.334344 0.332480 0.333177 0.332480 0.334344 0.333177 0.992492
18 72 0.334090 0.332696 0.333213 0.332696 0.334090 0.333213 0.994437
18 75 0.333897 0.332860 0.333242 0.332860 0.333897 0.333242 0.995892
18 78 0.333753 0.332983 0.333264 0.332983 0.333753 0.333264 0.996975
18 81 0.333644 0.333075 0.333281 0.333075 0.333644 0.333281 0.997779
18 84 0.333563 0.333143 0.333294 0.333143 0.333563 0.333294 0.998373
18 87 0.333502 0.333194 0.333304 0.333194 0.333502 0.333304 0.998811
18 90 0.333458 0.333231 0.333311 0.333231 0.333458 0.333311 0.999133
18 93 0.333424 0.333259 0.333317 0.333259 0.333424 0.333317 0.999369
18 96 0.333400 0.333279 0.333321 0.333279 0.333400 0.333321 0.999542
18 99 0.333382 0.333294 0.333324 0.333294 0.333382 0.333324 0.999668

21 3 0.330285 0.340622 0.329093 0.340622 0.330285 0.329093 0.046521
21 6 0.317799 0.352099 0.330102 0.352099 0.317799 0.330102 0.093805
21 9 0.316264 0.358895 0.324842 0.358895 0.316264 0.324842 0.174344
21 12 0.306268 0.370915 0.322817 0.370915 0.306268 0.322817 0.253747
21 15 0.305273 0.375621 0.319106 0.375621 0.305273 0.319106 0.342349
21 18 0.299982 0.383860 0.316158 0.383860 0.299982 0.316158 0.423771
21 21 0.300028 0.390167 0.309805 0.300028 0.390167 0.309805 0.500000
21 24 0.380748 0.302692 0.316560 0.302692 0.380748 0.316560 0.567309
21 27 0.372065 0.305991 0.321944 0.305991 0.372065 0.321944 0.635087
21 30 0.367163 0.309197 0.323640 0.309197 0.367163 0.323640 0.693883
21 33 0.360619 0.312746 0.326634 0.312746 0.360619 0.326634 0.748201
21 36 0.356252 0.315767 0.327981 0.315767 0.356252 0.327981 0.794130
21 39 0.351624 0.318803 0.329573 0.318803 0.351624 0.329573 0.834179
21 42 0.348286 0.321300 0.330414 0.321300 0.348286 0.330414 0.867242
21 45 0.345162 0.323603 0.331235 0.323603 0.345162 0.331235 0.894911
21 48 0.342813 0.325469 0.331718 0.325469 0.342813 0.331718 0.917286
21 51 0.340771 0.327086 0.332143 0.327086 0.340771 0.332143 0.935460
21 54 0.339203 0.328381 0.332416 0.328381 0.339203 0.332416 0.949901
21 57 0.337901 0.329456 0.332643 0.329456 0.337901 0.332643 0.961374
21 60 0.336893 0.330308 0.332799 0.330308 0.336893 0.332799 0.970358
21 63 0.336081 0.330993 0.332926 0.330993 0.336081 0.332926 0.977375
21 66 0.335452 0.331530 0.333018 0.331530 0.335452 0.333018 0.982802
21 69 0.334956 0.331954 0.333091 0.331954 0.334956 0.333091 0.986986
21 72 0.334573 0.332282 0.333146 0.332282 0.334573 0.333146 0.990188
21 75 0.334275 0.332536 0.333189 0.332536 0.334275 0.333189 0.992630
21 78 0.334047 0.332731 0.333222 0.332731 0.334047 0.333222 0.994482
21 81 0.333872 0.332880 0.333248 0.332880 0.333872 0.333248 0.995882
21 84 0.333738 0.332994 0.333268 0.332994 0.333738 0.333268 0.996936
21 87 0.333637 0.333080 0.333284 0.333080 0.333637 0.333284 0.997727
21 90 0.333560 0.333144 0.333295 0.333144 0.333560 0.333295 0.998317
21 93 0.333502 0.333193 0.333305 0.333193 0.333502 0.333305 0.998758
21 96 0.333459 0.333230 0.333312 0.333230 0.333459 0.333312 0.999085
21 99 0.333426 0.333257 0.333317 0.333257 0.333426 0.333317 0.999328

24 3 0.330780 0.339081 0.330139 0.339081 0.330780 0.330139 0.031732
24 6 0.321824 0.347651 0.330525 0.347651 0.321824 0.330525 0.067209
24 9 0.319292 0.354368 0.326340 0.354368 0.319292 0.326340 0.131291
24 12 0.310905 0.363963 0.325132 0.363963 0.310905 0.325132 0.198630
24 15 0.308831 0.370022 0.321147 0.370022 0.308831 0.321147 0.278655
24 18 0.303640 0.376281 0.320080 0.376281 0.303640 0.320080 0.355095
24 21 0.302692 0.380748 0.316560 0.380748 0.302692 0.316560 0.432691
24 24 0.299647 0.388071 0.312281 0.299647 0.388071 0.312281 0.500000
24 27 0.377419 0.302941 0.319641 0.302941 0.377419 0.319641 0.564887
24 30 0.371291 0.305953 0.322756 0.305953 0.371291 0.322756 0.626667
24 33 0.365647 0.309342 0.325011 0.309342 0.365647 0.325011 0.684237
24 36 0.360703 0.312423 0.326874 0.312423 0.360703 0.326874 0.735712
24 39 0.355974 0.315529 0.328497 0.315529 0.355974 0.328497 0.781656
24 42 0.352139 0.318250 0.329612 0.318250 0.352139 0.329612 0.821152
24 45 0.348623 0.320801 0.330576 0.320801 0.348623 0.330576 0.855093
24 48 0.345813 0.322969 0.331218 0.322969 0.345813 0.331218 0.883447
24 51 0.343353 0.324893 0.331754 0.324893 0.343353 0.331754 0.907083
24 54 0.341391 0.326492 0.332117 0.326492 0.341391 0.332117 0.926393
24 57 0.339736 0.327853 0.332411 0.327853 0.339736 0.332411 0.942109
24 60 0.338418 0.328964 0.332618 0.328964 0.338418 0.332618 0.954719
24 63 0.337335 0.329882 0.332783 0.329882 0.337335 0.332783 0.964792
24 66 0.336476 0.330620 0.332904 0.330620 0.336476 0.332904 0.972755
24 69 0.335785 0.331215 0.333000 0.331215 0.335785 0.333000 0.979021
24 72 0.335240 0.331687 0.333073 0.331687 0.335240 0.333073 0.983914
24 75 0.334808 0.332062 0.333130 0.332062 0.334808 0.333130 0.987717
24 78 0.334470 0.332355 0.333175 0.332355 0.334470 0.333175 0.990656
24 81 0.334206 0.332585 0.333210 0.332585 0.334206 0.333210 0.992918
24 84 0.334000 0.332762 0.333237 0.332762 0.334000 0.333237 0.994650
24 87 0.333842 0.332900 0.333259 0.332900 0.333842 0.333259 0.995971
24 90 0.333719 0.333005 0.333276 0.333005 0.333719 0.333276 0.996975
24 93 0.333625 0.333086 0.333289 0.333086 0.333625 0.333289 0.997735
24 96 0.333554 0.333147 0.333299 0.333147 0.333554 0.333299 0.998309
24 99 0.333499 0.333194 0.333307 0.333194 0.333499 0.333307 0.998740

27 3 0.331781 0.336677 0.331542 0.336677 0.331781 0.331542 0.020818
27 6 0.325822 0.342189 0.331989 0.342189 0.325822 0.331989 0.046319
27 9 0.323181 0.347414 0.329405 0.347414 0.323181 0.329405 0.095421
27 12 0.316087 0.355362 0.328552 0.355362 0.316087 0.328552 0.150985
27 15 0.313246 0.360911 0.325843 0.360911 0.313246 0.325843 0.220166
27 18 0.308074 0.368059 0.323866 0.368059 0.308074 0.323866 0.291300
27 21 0.305991 0.372065 0.321944 0.372065 0.305991 0.321944 0.364913
27 24 0.302941 0.377419 0.319641 0.377419 0.302941 0.319641 0.435113
27 27 0.301719 0.383133 0.315148 0.301719 0.383133 0.315148 0.500000
27 30 0.375198 0.304457 0.320346 0.304457 0.375198 0.320346 0.559877
27 33 0.368888 0.307257 0.323854 0.307257 0.368888 0.323854 0.619861
27 36 0.364762 0.310038 0.325201 0.310038 0.364762 0.325201 0.674234
27 39 0.359712 0.312983 0.327306 0.312983 0.359712 0.327306 0.724954
27 42 0.355880 0.315654 0.328466 0.315654 0.355880 0.328466 0.769649
27 45 0.352010 0.318282 0.329709 0.318282 0.352010 0.329709 0.809370
27 48 0.348931 0.320583 0.330486 0.320583 0.348931 0.330486 0.843438
27 51 0.346100 0.322705 0.331195 0.322705 0.346100 0.331195 0.872652
27 54 0.343811 0.324521 0.331668 0.324521 0.343811 0.331668 0.897124
27 57 0.341817 0.326117 0.332067 0.326117 0.341817 0.332067 0.917545
27 60 0.340199 0.327456 0.332346 0.327456 0.340199 0.332346 0.934312
27 63 0.338836 0.328593 0.332571 0.328593 0.338836 0.332571 0.948010
27 66 0.337734 0.329530 0.332736 0.329530 0.337734 0.332736 0.959070
27 69 0.336827 0.330306 0.332868 0.330306 0.336827 0.332868 0.967953
27 72 0.336098 0.330936 0.332967 0.330936 0.336098 0.332967 0.975025
27 75 0.335508 0.331446 0.333046 0.331446 0.335508 0.333046 0.980627
27 78 0.335038 0.331855 0.333106 0.331855 0.335038 0.333106 0.985035
27 81 0.334663 0.332182 0.333155 0.332182 0.334663 0.333155 0.988486
27 84 0.334367 0.332440 0.333193 0.332440 0.334367 0.333193 0.991174
27 87 0.334133 0.332644 0.333223 0.332644 0.334133 0.333223 0.993259
27 90 0.333950 0.332803 0.333247 0.332803 0.333950 0.333247 0.994868
27 93 0.333807 0.332927 0.333266 0.332927 0.333807 0.333266 0.996105
27 96 0.333696 0.333023 0.333281 0.333023 0.333696 0.333281 0.997053
27 99 0.333610 0.333097 0.333293 0.333097 0.333610 0.333293 0.997776

30 3 0.332166 0.335787 0.332047 0.335787 0.332166 0.332047 0.014059
30 6 0.327940 0.339856 0.332204 0.339856 0.327940 0.332204 0.032669
30 9 0.325421 0.344333 0.330245 0.344333 0.325421 0.330245 0.070272
30 12 0.319629 0.350725 0.329647 0.350725 0.319629 0.329647 0.115244
30 15 0.316557 0.356112 0.327332 0.356112 0.316557 0.327332 0.174116
30 18 0.311748 0.362204 0.326048 0.362204 0.311748 0.326048 0.237253
30 21 0.309197 0.367163 0.323640 0.367163 0.309197 0.323640 0.306117
30 24 0.305953 0.371291 0.322756 0.371291 0.305953 0.322756 0.373333
30 27 0.304457 0.375198 0.320346 0.375198 0.304457 0.320346 0.440123
30 30 0.302179 0.380932 0.316889 0.302179 0.380932 0.316889 0.500000
30 33 0.372905 0.305084 0.322011 0.305084 0.372905 0.322011 0.557548
30 36 0.367851 0.307650 0.324499 0.307650 0.367851 0.324499 0.613840
30 39 0.363603 0.310402 0.325995 0.310402 0.363603 0.325995 0.666696
30 42 0.359402 0.313049 0.327549 0.313049 0.359402 0.327549 0.715415
30 45 0.355553 0.315667 0.328780 0.315667 0.355553 0.328780 0.759585
30 48 0.352153 0.318078 0.329769 0.318078 0.352153 0.329769 0.798738
30 51 0.349081 0.320338 0.330580 0.320338 0.349081 0.330580 0.833094
30 54 0.346466 0.322347 0.331188 0.322347 0.346466 0.331188 0.862665
30 57 0.344170 0.324151 0.331679 0.324151 0.344170 0.331679 0.887906
30 60 0.342248 0.325711 0.332042 0.325711 0.342248 0.332042 0.909128
30 63 0.340604 0.327065 0.332331 0.327065 0.340604 0.332331 0.926836
30 66 0.339242 0.328211 0.332546 0.328211 0.339242 0.332546 0.941441
30 69 0.338103 0.329181 0.332716 0.329181 0.338103 0.332716 0.953405
30 72 0.337168 0.329986 0.332846 0.329986 0.337168 0.332846 0.963116
30 75 0.336399 0.330653 0.332948 0.330653 0.336399 0.332948 0.970951
30 78 0.335774 0.331199 0.333028 0.331199 0.335774 0.333028 0.977225
30 81 0.335267 0.331643 0.333091 0.331643 0.335267 0.333091 0.982222
30 84 0.334859 0.332001 0.333141 0.332001 0.334859 0.333141 0.986179
30 87 0.334532 0.332288 0.333180 0.332288 0.334532 0.333180 0.989297
30 90 0.334271 0.332517 0.333212 0.332517 0.334271 0.333212 0.991741
30 93 0.334064 0.332699 0.333237 0.332699 0.334064 0.333237 0.993649
30 96 0.333901 0.332842 0.333258 0.332842 0.333901 0.333258 0.995132
30 99 0.333772 0.332954 0.333274 0.332954 0.333772 0.333274 0.996280

33 3 0.332600 0.334847 0.332553 0.334847 0.332600 0.332553 0.009287
33 6 0.329773 0.337544 0.332683 0.337544 0.329773 0.332683 0.022520
33 9 0.327691 0.340887 0.331422 0.340887 0.327691 0.331422 0.050605
33 12 0.323069 0.345870 0.331061 0.345870 0.323069 0.331061 0.086182
33 15 0.320091 0.350426 0.329482 0.350426 0.320091 0.329482 0.134817
33 18 0.315602 0.356075 0.328324 0.356075 0.315602 0.328324 0.189821
33 21 0.312746 0.360619 0.326634 0.360619 0.312746 0.326634 0.251799
33 24 0.309342 0.365647 0.325011 0.365647 0.309342 0.325011 0.315763
33 27 0.307257 0.368888 0.323854 0.368888 0.307257 0.323854 0.380139
33 30 0.305084 0.372905 0.322011 0.372905 0.305084 0.322011 0.442452
33 33 0.303535 0.377861 0.318603 0.303535 0.377861 0.318603 0.500000
33 36 0.371192 0.306116 0.322692 0.306116 0.371192 0.322692 0.554323
33 39 0.366256 0.308522 0.325222 0.308522 0.366256 0.325222 0.608757
33 42 0.362782 0.310932 0.326285 0.310932 0.362782 0.326285 0.659355
33 45 0.358681 0.313446 0.327873 0.313446 0.358681 0.327873 0.707027
33 48 0.355336 0.315806 0.328859 0.315806 0.355336 0.328859 0.750137
33 51 0.352018 0.318114 0.329868 0.318114 0.352018 0.329868 0.789075
33 54 0.349220 0.320211 0.330569 0.320211 0.349220 0.330569 0.823342
33 57 0.346652 0.322158 0.331191 0.322158 0.346652 0.331191 0.853317
33 60 0.344479 0.323880 0.331641 0.323880 0.344479 0.331641 0.879070
33 63 0.342568 0.325418 0.332015 0.325418 0.342568 0.332015 0.901032
33 66 0.340960 0.326748 0.332292 0.326748 0.340960 0.332292 0.919515
33 69 0.339585 0.327900 0.332515 0.327900 0.339585 0.332515 0.934958
33 72 0.338437 0.328878 0.332684 0.328878 0.338437 0.332684 0.947730
33 75 0.337475 0.329706 0.332819 0.329706 0.337475 0.332819 0.958223
33 78 0.336681 0.330396 0.332923 0.330396 0.336681 0.332923 0.966773
33 81 0.336024 0.330969 0.333006 0.330969 0.336024 0.333006 0.973699
33 84 0.335487 0.331441 0.333072 0.331441 0.335487 0.333072 0.979272
33 87 0.335050 0.331826 0.333124 0.331826 0.335050 0.333124 0.983732
33 90 0.334695 0.332138 0.333166 0.332138 0.334695 0.333166 0.987282
33 93 0.334410 0.332390 0.333200 0.332390 0.334410 0.333200 0.990095
33 96 0.334181 0.332592 0.333227 0.332592 0.334181 0.333227 0.992312
33 99 0.333998 0.332754 0.333249 0.332754 0.333998 0.333249 0.994053

36 3 0.332812 0.334399 0.332789 0.334399 0.332812 0.332789 0.006237
36 6 0.330833 0.336353 0.332815 0.336353 0.330833 0.332815 0.015726
36 9 0.329098 0.339027 0.331875 0.339027 0.329098 0.331875 0.036693
36 12 0.325436 0.342973 0.331591 0.342973 0.325436 0.331591 0.064561
36 15 0.322680 0.346975 0.330345 0.346975 0.322680 0.330345 0.104277
36 18 0.318694 0.351788 0.329519 0.351788 0.318694 0.329519 0.151004
36 21 0.315767 0.356252 0.327981 0.356252 0.315767 0.327981 0.205870
36 24 0.312423 0.360703 0.326874 0.360703 0.312423 0.326874 0.264288
36 27 0.310038 0.364762 0.325201 0.364762 0.310038 0.325201 0.325766
36 30 0.307650 0.367851 0.324499 0.367851 0.307650 0.324499 0.386160
36 33 0.306116 0.371192 0.322692 0.371192 0.306116 0.322692 0.445677
36 36 0.304203 0.375952 0.319844 0.304203 0.375952 0.319844 0.500000
36 39 0.369504 0.306782 0.323714 0.306782 0.369504 0.323714 0.552300
36 42 0.365257 0.309011 0.325731 0.309011 0.365257 0.325731 0.604195
36 45 0.361863 0.311333 0.326804 0.311333 0.361863 0.326804 0.653323
36 48 0.358256 0.313645 0.328099 0.313645 0.358256 0.328099 0.699464
36 51 0.355009 0.315914 0.329076 0.315914 0.355009 0.329076 0.741863
36 54 0.351991 0.318068 0.329941 0.318068 0.351991 0.329941 0.780234
36 57 0.349268 0.320095 0.330637 0.320095 0.349268 0.330637 0.814479
36 60 0.346855 0.321949 0.331197 0.321949 0.346855 0.331197 0.844596
36 63 0.344719 0.323634 0.331647 0.323634 0.344719 0.331647 0.870798
36 66 0.342872 0.325131 0.331998 0.325131 0.342872 0.331998 0.893312
36 69 0.341270 0.326453 0.332277 0.326453 0.341270 0.332277 0.912481
36 72 0.339906 0.327601 0.332494 0.327601 0.339906 0.332494 0.928635
36 75 0.338744 0.328591 0.332665 0.328591 0.338744 0.332665 0.942142
36 78 0.337767 0.329434 0.332799 0.329434 0.337767 0.332799 0.953341
36 81 0.336947 0.330147 0.332906 0.330147 0.336947 0.332906 0.962562
36 84 0.336266 0.330744 0.332990 0.330744 0.336266 0.332990 0.970101
36 87 0.335702 0.331240 0.333057 0.331240 0.335702 0.333057 0.976229
36 90 0.335239 0.331650 0.333111 0.331650 0.335239 0.333111 0.981181
36 93 0.334859 0.331987 0.333154 0.331987 0.334859 0.333154 0.985160
36 96 0.334550 0.332261 0.333189 0.332261 0.334550 0.333189 0.988342
36 99 0.334300 0.332483 0.333218 0.332483 0.334300 0.333218 0.990874

39 3 0.332998 0.334014 0.332988 0.334014 0.332998 0.332988 0.004136
39 6 0.331665 0.335335 0.333000 0.335335 0.331665 0.333000 0.010837
39 9 0.330327 0.337306 0.332366 0.337306 0.330327 0.332366 0.026237
39 12 0.327503 0.340316 0.332181 0.340316 0.327503 0.332181 0.047704
39 15 0.325110 0.343573 0.331318 0.343573 0.325110 0.331318 0.079477
39 18 0.321624 0.347687 0.330688 0.347687 0.321624 0.330688 0.118479
39 21 0.318803 0.351624 0.329573 0.351624 0.318803 0.329573 0.165821
39 24 0.315529 0.355974 0.328497 0.355974 0.315529 0.328497 0.218344
39 27 0.312983 0.359712 0.327306 0.359712 0.312983 0.327306 0.275046
39 30 0.310402 0.363603 0.325995 0.363603 0.310402 0.325995 0.333304
39 33 0.308522 0.366256 0.325222 0.366256 0.308522 0.325222 0.391243
39 36 0.306782 0.369504 0.323714 0.369504 0.306782 0.323714 0.447700
39 39 0.305197 0.373812 0.320991 0.305197 0.373812 0.320991 0.500000
39 42 0.368133 0.307571 0.324296 0.307571 0.368133 0.324296 0.550005
39 45 0.364082 0.309671 0.326248 0.309671 0.364082 0.326248 0.600215
39 48 0.361128 0.311779 0.327093 0.311779 0.361128 0.327093 0.647623
39 51 0.357677 0.313971 0.328353 0.313971 0.357677 0.328353 0.692690
39 54 0.354743 0.316069 0.329188 0.316069 0.354743 0.329188 0.734163
39 57 0.351842 0.318125 0.330033 0.318125 0.351842 0.330033 0.772129
39 60 0.349306 0.320035 0.330659 0.320035 0.349306 0.330659 0.806165
39 63 0.346965 0.321823 0.331211 0.321823 0.346965 0.331211 0.836424
39 66 0.344925 0.323442 0.331633 0.323442 0.344925 0.331633 0.862922
39 69 0.343110 0.324907 0.331983 0.324907 0.343110 0.331983 0.885923
39 72 0.341543 0.326203 0.332254 0.326203 0.341543 0.332254 0.905659
39 75 0.340183 0.327345 0.332472 0.327345 0.340183 0.332472 0.922456
39 78 0.339022 0.328335 0.332642 0.328335 0.339022 0.332642 0.936617
39 81 0.338032 0.329189 0.332779 0.329189 0.338032 0.332779 0.948471
39 84 0.337197 0.329917 0.332886 0.329917 0.337197 0.332886 0.958316
39 87 0.336494 0.330533 0.332973 0.330533 0.336494 0.332973 0.966441
39 90 0.335909 0.331050 0.333042 0.331050 0.335909 0.333042 0.973102
39 93 0.335422 0.331481 0.333097 0.331481 0.335422 0.333097 0.978533
39 96 0.335020 0.331838 0.333142 0.331838 0.335020 0.333142 0.982936
39 99 0.334690 0.332132 0.333179 0.332132 0.334690 0.333179 0.986488

42 3 0.333102 0.333801 0.333097 0.333801 0.333102 0.333097 0.002769
42 6 0.332178 0.334743 0.333079 0.334743 0.332178 0.333079 0.007519
42 9 0.331133 0.336257 0.332610 0.336257 0.331133 0.332610 0.018817
42 12 0.328952 0.338595 0.332453 0.338595 0.328952 0.332453 0.035246
42 15 0.326904 0.341307 0.331790 0.341307 0.326904 0.331790 0.060438
42 18 0.323933 0.344743 0.331325 0.344743 0.323933 0.331325 0.092486
42 21 0.321300 0.348286 0.330414 0.348286 0.321300 0.330414 0.132758
42 24 0.318250 0.352139 0.329612 0.352139 0.318250 0.329612 0.178848
42 27 0.315654 0.355880 0.328466 0.355880 0.315654 0.328466 0.230351
42 30 0.313049 0.359402 0.327549 0.359402 0.313049 0.327549 0.284585
42 33 0.310932 0.362782 0.326285 0.362782 0.310932 0.326285 0.340645
42 36 0.309011 0.365257 0.325731 0.365257 0.309011 0.325731 0.395805
42 39 0.307571 0.368133 0.324296 0.368133 0.307571 0.324296 0.449995
42 42 0.305875 0.372221 0.321904 0.305875 0.372221 0.321904 0.500000
42 45 0.366824 0.308189 0.324987 0.308189 0.366824 0.324987 0.548296
42 48 0.363193 0.310154 0.326653 0.310154 0.363193 0.326653 0.596609
42 51 0.360372 0.312164 0.327464 0.312164 0.360372 0.327464 0.642690
42 54 0.357237 0.314210 0.328553 0.314210 0.357237 0.328553 0.686514
42 57 0.354430 0.316215 0.329355 0.316215 0.354430 0.329355 0.727237
42 60 0.351736 0.318153 0.330110 0.318153 0.351736 0.330110 0.764645
42 63 0.349293 0.319991 0.330716 0.319991 0.349293 0.330716 0.798498
42 66 0.347072 0.321702 0.331227 0.321702 0.347072 0.331227 0.828758
42 69 0.345085 0.323275 0.331640 0.323275 0.345085 0.331640 0.855499
42 72 0.343327 0.324700 0.331973 0.324700 0.343327 0.331973 0.878869
42 75 0.341781 0.325977 0.332242 0.325977 0.341781 0.332242 0.899099
42 78 0.340438 0.327107 0.332455 0.327107 0.340438 0.332455 0.916446
42 81 0.339276 0.328098 0.332626 0.328098 0.339276 0.332626 0.931200
42 84 0.338280 0.328958 0.332762 0.328958 0.338280 0.332762 0.943646
42 87 0.337431 0.329698 0.332871 0.329698 0.337431 0.332871 0.954073
42 90 0.336712 0.330329 0.332958 0.330329 0.336712 0.332958 0.962746
42 93 0.336107 0.330865 0.333028 0.330865 0.336107 0.333028 0.969918
42 96 0.335600 0.331315 0.333085 0.331315 0.335600 0.333085 0.975812
42 99 0.335178 0.331691 0.333131 0.331691 0.335178 0.333131 0.980629

45 3 0.333182 0.333638 0.333180 0.333638 0.333182 0.333180 0.001840
45 6 0.332557 0.334282 0.333160 0.334282 0.332557 0.333160 0.005176
45 9 0.331776 0.335389 0.332835 0.335389 0.331776 0.332835 0.013376
45 12 0.330129 0.337153 0.332718 0.337153 0.330129 0.332718 0.025801
45 15 0.328445 0.339311 0.332245 0.339311 0.328445 0.332245 0.045490
45 18 0.325961 0.342138 0.331902 0.342138 0.325961 0.331902 0.071450
45 21 0.323603 0.345162 0.331235 0.345162 0.323603 0.331235 0.105089
45 24 0.320801 0.348623 0.330576 0.348623 0.320801 0.330576 0.144907
45 27 0.318282 0.352010 0.329709 0.352010 0.318282 0.329709 0.190630
45 30 0.315667 0.355553 0.328780 0.355553 0.315667 0.328780 0.240415
45 33 0.313446 0.358681 0.327873 0.358681 0.313446 0.327873 0.292973
45 36 0.311333 0.361863 0.326804 0.361863 0.311333 0.326804 0.346677
45 39 0.309671 0.364082 0.326248 0.364082 0.309671 0.326248 0.399785
45 42 0.308189 0.366824 0.324987 0.366824 0.308189 0.324987 0.451704
45 45 0.306660 0.370611 0.322729 0.306660 0.370611 0.322729 0.500000
45 48 0.365702 0.308832 0.325467 0.308832 0.365702 0.325467 0.546543
45 51 0.362266 0.310691 0.327043 0.310691 0.362266 0.327043 0.593388
45 54 0.359721 0.312554 0.327724 0.312554 0.359721 0.327724 0.638084
45 57 0.356744 0.314496 0.328759 0.314496 0.356744 0.328759 0.680900
45 60 0.354150 0.316378 0.329472 0.316378 0.354150 0.329472 0.720798
45 63 0.351576 0.318229 0.330195 0.318229 0.351576 0.330195 0.757728
45 66 0.349272 0.319975 0.330753 0.319975 0.349272 0.330753 0.791305
45 69 0.347128 0.321624 0.331248 0.321624 0.347128 0.331248 0.821552
45 72 0.345219 0.323142 0.331639 0.323142 0.345219 0.331639 0.848440
45 75 0.343502 0.324531 0.331967 0.324531 0.343502 0.331967 0.872124
45 78 0.341991 0.325781 0.332227 0.325781 0.341991 0.332227 0.892764
45 81 0.340662 0.326898 0.332440 0.326898 0.340662 0.332440 0.910601
45 84 0.339507 0.327884 0.332609 0.327884 0.339507 0.332609 0.925881
45 87 0.338508 0.328747 0.332746 0.328747 0.338508 0.332746 0.938873
45 90 0.337650 0.329495 0.332855 0.329495 0.337650 0.332855 0.949837
45 93 0.336918 0.330139 0.332944 0.330139 0.336918 0.332944 0.959029
45 96 0.336296 0.330688 0.333015 0.330688 0.336296 0.333015 0.966686
45 99 0.335772 0.331154 0.333073 0.331154 0.335772 0.333073 0.973027

48 3 0.333230 0.333540 0.333230 0.333540 0.333230 0.333230 0.001230
48 6 0.332801 0.333994 0.333205 0.333994 0.332801 0.333205 0.003576
48 9 0.332212 0.334822 0.332966 0.334822 0.332212 0.332966 0.009517
48 12 0.330966 0.336168 0.332866 0.336168 0.330966 0.332866 0.018866
48 15 0.329592 0.337905 0.332503 0.337905 0.329592 0.332503 0.034142
48 18 0.327543 0.340215 0.332242 0.340215 0.327543 0.332242 0.054941
48 21 0.325469 0.342813 0.331718 0.342813 0.325469 0.331718 0.082714
48 24 0.322969 0.345813 0.331218 0.345813 0.322969 0.331218 0.116553
48 27 0.320583 0.348931 0.330486 0.348931 0.320583 0.330486 0.156562
48 30 0.318078 0.352153 0.329769 0.352153 0.318078 0.329769 0.201262
48 33 0.315806 0.355336 0.328859 0.355336 0.315806 0.328859 0.249863
48 36 0.313645 0.358256 0.328099 0.358256 0.313645 0.328099 0.300536
48 39 0.311779 0.361128 0.327093 0.361128 0.311779 0.327093 0.352377
48 42 0.310154 0.363193 0.326653 0.363193 0.310154 0.326653 0.403391
48 45 0.308832 0.365702 0.325467 0.365702 0.308832 0.325467 0.453457
48 48 0.307288 0.369289 0.323423 0.307288 0.369289 0.323423 0.500000
48 51 0.364646 0.309385 0.325969 0.309385 0.364646 0.325969 0.545102
48 54 0.361491 0.311139 0.327370 0.311139 0.361491 0.327370 0.590444
48 57 0.359081 0.312911 0.328008 0.312911 0.359081 0.328008 0.633971
48 60 0.356324 0.314742 0.328934 0.314742 0.356324 0.328934 0.675736
48 63 0.353854 0.316537 0.329609 0.316537 0.353854 0.329609 0.714907
48 66 0.351433 0.318296 0.330271 0.318296 0.351433 0.330271 0.751297
48 69 0.349222 0.319974 0.330804 0.319974 0.349222 0.330804 0.784605
48 72 0.347174 0.321557 0.331269 0.321557 0.347174 0.331269 0.814763
48 75 0.345323 0.323029 0.331648 0.323029 0.345323 0.331648 0.841757
48 78 0.343657 0.324380 0.331963 0.324380 0.343657 0.331963 0.865676
48 81 0.342174 0.325606 0.332219 0.325606 0.342174 0.332219 0.886668
48 84 0.340865 0.326707 0.332427 0.326707 0.340865 0.332427 0.904928
48 87 0.339717 0.327687 0.332596 0.327687 0.339717 0.332596 0.920682
48 90 0.338719 0.328550 0.332732 0.328550 0.338719 0.332732 0.934167
48 93 0.337855 0.329303 0.332842 0.329303 0.337855 0.332842 0.945629
48 96 0.337112 0.329957 0.332931 0.329957 0.337112 0.332931 0.955306
48 99 0.336478 0.330519 0.333003 0.330519 0.336478 0.333003 0.963424

51 3 0.333266 0.333469 0.333265 0.333469 0.333266 0.333265 0.000818
51 6 0.332974 0.333781 0.333244 0.333781 0.332974 0.333244 0.002459
51 9 0.332542 0.334382 0.333075 0.334382 0.332542 0.333075 0.006732
51 12 0.331615 0.335389 0.332996 0.335389 0.331615 0.332996 0.013707
51 15 0.330522 0.336749 0.332730 0.336749 0.330522 0.332730 0.025438
51 18 0.328861 0.338607 0.332532 0.338607 0.328861 0.332532 0.041917
51 21 0.327086 0.340771 0.332143 0.340771 0.327086 0.332143 0.064540
51 24 0.324893 0.343353 0.331754 0.343353 0.324893 0.331754 0.092917
51 27 0.322705 0.346100 0.331195 0.346100 0.322705 0.331195 0.127348
51 30 0.320338 0.349081 0.330580 0.349081 0.320338 0.330580 0.166906
51 33 0.318114 0.352018 0.329868 0.352018 0.318114 0.329868 0.210925
51 36 0.315914 0.355009 0.329076 0.355009 0.315914 0.329076 0.258137
51 39 0.313971 0.357677 0.328353 0.357677 0.313971 0.328353 0.307310
51 42 0.312164 0.360372 0.327464 0.360372 0.312164 0.327464 0.357310
51 45 0.310691 0.362266 0.327043 0.362266 0.310691 0.327043 0.406612
51 48 0.309385 0.364646 0.325969 0.364646 0.309385 0.325969 0.454898
51 51 0.307940 0.368014 0.324047 0.307940 0.368014 0.324047 0.500000
51 54 0.363709 0.309929 0.326362 0.309929 0.363709 0.326362 0.543697
51 57 0.360727 0.311596 0.327677 0.311596 0.360727 0.327677 0.587772
51 60 0.358507 0.313259 0.328234 0.313259 0.358507 0.328234 0.630143
51 63 0.355892 0.315002 0.329106 0.315002 0.355892 0.329106 0.670989
51 66 0.353578 0.316702 0.329720 0.316702 0.353578 0.329720 0.709416
51 69 0.351267 0.318385 0.330348 0.318385 0.351267 0.330348 0.745309
51 72 0.349164 0.319989 0.330847 0.319989 0.349164 0.330847 0.778305
51 75 0.347191 0.321516 0.331293 0.321516 0.347191 0.331293 0.808357
51 78 0.345407 0.322938 0.331655 0.322938 0.345407 0.331655 0.835398
51 81 0.343784 0.324254 0.331962 0.324254 0.343784 0.331962 0.859507
51 84 0.342336 0.325453 0.332211 0.325453 0.342336 0.332211 0.880791
51 87 0.341045 0.326538 0.332417 0.326538 0.341045 0.332417 0.899423
51 90 0.339909 0.327508 0.332583 0.327508 0.339909 0.332583 0.915597
51 93 0.338912 0.328369 0.332719 0.328369 0.338912 0.332719 0.929534
51 96 0.338046 0.329125 0.332829 0.329125 0.338046 0.332829 0.941456
51 99 0.337295 0.329786 0.332919 0.329786 0.337295 0.332919 0.951587

54 3 0.333288 0.333425 0.333288 0.333425 0.333288 0.333288 0.000546
54 6 0.333088 0.333643 0.333269 0.333643 0.333088 0.333269 0.001693
54 9 0.332770 0.334084 0.333145 0.334084 0.332770 0.333145 0.004761
54 12 0.332080 0.334842 0.333078 0.334842 0.332080 0.333078 0.009942
54 15 0.331215 0.335910 0.332875 0.335910 0.331215 0.332875 0.018896
54 18 0.329880 0.337400 0.332719 0.337400 0.329880 0.332719 0.031844
54 21 0.328381 0.339203 0.332416 0.339203 0.328381 0.332416 0.050099
54 24 0.326492 0.341391 0.332117 0.341391 0.326492 0.332117 0.073607
54 27 0.324521 0.343811 0.331668 0.343811 0.324521 0.331668 0.102876
54 30 0.322347 0.346466 0.331188 0.346466 0.322347 0.331188 0.137335
54 33 0.320211 0.349220 0.330569 0.349220 0.320211 0.330569 0.176658
54 36 0.318068 0.351991 0.329941 0.351991 0.318068 0.329941 0.219766
54 39 0.316069 0.354743 0.329188 0.354743 0.316069 0.329188 0.265837
54 42 0.314210 0.357237 0.328553 0.357237 0.314210 0.328553 0.313486
54 45 0.312554 0.359721 0.327724 0.359721 0.312554 0.327724 0.361916
54 48 0.311139 0.361491 0.327370 0.361491 0.311139 0.327370 0.409556
54 51 0.309929 0.363709 0.326362 0.363709 0.309929 0.326362 0.456303
54 54 0.308504 0.366907 0.324589 0.308504 0.366907 0.324589 0.500000
54 57 0.362832 0.310420 0.326748 0.310420 0.362832 0.326748 0.542473
54 60 0.360053 0.312002 0.327945 0.312002 0.360053 0.327945 0.585311
54 63 0.357953 0.313585 0.328462 0.313585 0.357953 0.328462 0.626655
54 66 0.355502 0.315239 0.329259 0.315239 0.355502 0.329259 0.666591
54 69 0.353299 0.316865 0.329836 0.316865 0.353299 0.329836 0.704334
54 72 0.351108 0.318472 0.330420 0.318472 0.351108 0.330420 0.739710
54 75 0.349091 0.320014 0.330895 0.320014 0.349091 0.330895 0.772397
54 78 0.347198 0.321485 0.331317 0.321485 0.347198 0.331317 0.802300
54 81 0.345469 0.322863 0.331667 0.322863 0.345469 0.331667 0.829355
54 84 0.343894 0.324143 0.331963 0.324143 0.343894 0.331963 0.853603
54 87 0.342476 0.325317 0.332207 0.325317 0.342476 0.332207 0.875131
54 90 0.341208 0.326384 0.332408 0.326384 0.341208 0.332408 0.894084
54 93 0.340083 0.327344 0.332573 0.327344 0.340083 0.332573 0.910636
54 96 0.339092 0.328201 0.332708 0.328201 0.339092 0.332708 0.924982
54 99 0.338224 0.328958 0.332818 0.328958 0.338224 0.332818 0.937328

57 3 0.333303 0.333394 0.333303 0.333394 0.333303 0.333303 0.000364
57 6 0.333168 0.333544 0.333288 0.333544 0.333168 0.333288 0.001163
57 9 0.332937 0.333862 0.333200 0.333862 0.332937 0.333200 0.003354
57 12 0.332429 0.334425 0.333147 0.334425 0.332429 0.333147 0.007178
57 15 0.331757 0.335249 0.332994 0.335249 0.331757 0.332994 0.013961
57 18 0.330699 0.336428 0.332873 0.336428 0.330699 0.332873 0.024046
57 21 0.329456 0.337901 0.332643 0.337901 0.329456 0.332643 0.038626
57 24 0.327853 0.339736 0.332411 0.339736 0.327853 0.332411 0.057891
57 27 0.326117 0.341817 0.332067 0.341817 0.326117 0.332067 0.082455
57 30 0.324151 0.344170 0.331679 0.344170 0.324151 0.331679 0.112094
57 33 0.322158 0.346652 0.331191 0.346652 0.322158 0.331191 0.146683
57 36 0.320095 0.349268 0.330637 0.349268 0.320095 0.330637 0.185521
57 39 0.318125 0.351842 0.330033 0.351842 0.318125 0.330033 0.227871
57 42 0.316215 0.354430 0.329355 0.354430 0.316215 0.329355 0.272763
57 45 0.314496 0.356744 0.328759 0.356744 0.314496 0.328759 0.319100
57 48 0.312911 0.359081 0.328008 0.359081 0.312911 0.328008 0.366029
57 51 0.311596 0.360727 0.327677 0.360727 0.311596 0.327677 0.412228
57 54 0.310420 0.362832 0.326748 0.362832 0.310420 0.326748 0.457527
57 57 0.309062 0.365860 0.325078 0.309062 0.365860 0.325078 0.500000
57 60 0.362037 0.310892 0.327071 0.310892 0.362037 0.327071 0.541307
57 63 0.359405 0.312401 0.328195 0.312401 0.359405 0.328195 0.583048
57 66 0.357444 0.313900 0.328656 0.313900 0.357444 0.328656 0.623403
57 69 0.355116 0.315479 0.329405 0.315479 0.355116 0.329405 0.662511
57 72 0.353034 0.317028 0.329938 0.317028 0.353034 0.329938 0.699579
57 75 0.350940 0.318569 0.330491 0.318569 0.350940 0.330491 0.734465
57 78 0.349012 0.320049 0.330938 0.320049 0.349012 0.330938 0.766823
57 81 0.347187 0.321469 0.331343 0.321469 0.347187 0.331343 0.796565
57 84 0.345518 0.322804 0.331678 0.322804 0.345518 0.331678 0.823596
57 87 0.343984 0.324050 0.331966 0.324050 0.343984 0.331966 0.847946
57 90 0.342600 0.325198 0.332203 0.325198 0.342600 0.332203 0.869676
57 93 0.341353 0.326246 0.332401 0.326246 0.341353 0.332401 0.888909
57 96 0.340242 0.327195 0.332563 0.327195 0.340242 0.332563 0.905795
57 99 0.339257 0.328046 0.332697 0.328046 0.339257 0.332697 0.920513

60 3 0.333313 0.333374 0.333313 0.333374 0.333313 0.333313 0.000243
60 6 0.333220 0.333478 0.333301 0.333478 0.333220 0.333301 0.000799
60 9 0.333054 0.333709 0.333237 0.333709 0.333054 0.333237 0.002361
60 12 0.332680 0.334127 0.333193 0.334127 0.332680 0.333193 0.005173
60 15 0.332161 0.334763 0.333076 0.334763 0.332161 0.333076 0.010284
60 18 0.331327 0.335693 0.332979 0.335693 0.331327 0.332979 0.018089
60 21 0.330308 0.336893 0.332799 0.336893 0.330308 0.332799 0.029642
60 24 0.328964 0.338418 0.332618 0.338418 0.328964 0.332618 0.045281
60 27 0.327456 0.340199 0.332346 0.340199 0.327456 0.332346 0.065688
60 30 0.325711 0.342248 0.332042 0.342248 0.325711 0.332042 0.090872
60 33 0.323880 0.344479 0.331641 0.344479 0.323880 0.331641 0.120930
60 36 0.321949 0.346855 0.331197 0.346855 0.321949 0.331197 0.155404
60 39 0.320035 0.349306 0.330659 0.349306 0.320035 0.330659 0.193835
60 42 0.318153 0.351736 0.330110 0.351736 0.318153 0.330110 0.235355
60 45 0.316378 0.354150 0.329472 0.354150 0.316378 0.329472 0.279202
60 48 0.314742 0.356324 0.328934 0.356324 0.314742 0.328934 0.324264
60 51 0.313259 0.358507 0.328234 0.358507 0.313259 0.328234 0.369857
60 54 0.312002 0.360053 0.327945 0.360053 0.312002 0.327945 0.414689
60 57 0.310892 0.362037 0.327071 0.362037 0.310892 0.327071 0.458693
60 60 0.309566 0.364922 0.325512 0.309566 0.364922 0.325512 0.500000
60 63 0.361293 0.311328 0.327379 0.311328 0.361293 0.327379 0.540258
60 66 0.358815 0.312767 0.328418 0.312767 0.358815 0.328418 0.580951
60 69 0.356958 0.314198 0.328844 0.314198 0.356958 0.328844 0.620401
60 72 0.354757 0.315704 0.329538 0.315704 0.354757 0.329538 0.658707
60 75 0.352772 0.317188 0.330039 0.317188 0.352772 0.330039 0.695140
60 78 0.350776 0.318666 0.330558 0.318666 0.350776 0.330558 0.729535
60 81 0.348925 0.320092 0.330984 0.320092 0.348925 0.330984 0.761566
60 84 0.347169 0.321462 0.331369 0.321462 0.347169 0.331369 0.791123
60 87 0.345551 0.322757 0.331692 0.322757 0.345551 0.331692 0.818108
60 90 0.344061 0.323969 0.331970 0.323969 0.344061 0.331970 0.842524
60 93 0.342707 0.325092 0.332201 0.325092 0.342707 0.332201 0.864419
60 96 0.341484 0.326122 0.332395 0.326122 0.341484 0.332395 0.883893
60 99 0.340387 0.327058 0.332555 0.327058 0.340387 0.332555 0.901077

63 3 0.333320 0.333360 0.333320 0.333360 0.333320 0.333320 0.000162
63 6 0.333257 0.333432 0.333311 0.333432 0.333257 0.333311 0.000548
63 9 0.333137 0.333598 0.333265 0.333598 0.333137 0.333265 0.001657
63 12 0.332864 0.333905 0.333230 0.333905 0.332864 0.333230 0.003715
63 15 0.332468 0.334390 0.333142 0.334390 0.332468 0.333142 0.007544
63 18 0.331819 0.335116 0.333065 0.335116 0.331819 0.333065 0.013542
63 21 0.330993 0.336081 0.332926 0.336081 0.330993 0.332926 0.022625
63 24 0.329882 0.337335 0.332783 0.337335 0.329882 0.332783 0.035208
63 27 0.328593 0.338836 0.332571 0.338836 0.328593 0.332571 0.051990
63 30 0.327065 0.340604 0.332331 0.340604 0.327065 0.332331 0.073164
63 33 0.325418 0.342568 0.332015 0.342568 0.325418 0.332015 0.098968
63 36 0.323634 0.344719 0.331647 0.344719 0.323634 0.331647 0.129202
63 39 0.321823 0.346965 0.331211 0.346965 0.321823 0.331211 0.163576
63 42 0.319991 0.349293 0.330716 0.349293 0.319991 0.330716 0.201502
63 45 0.318229 0.351576 0.330195 0.351576 0.318229 0.330195 0.242272
63 48 0.316537 0.353854 0.329609 0.353854 0.316537 0.329609 0.285093
63 51 0.315002 0.355892 0.329106 0.355892 0.315002 0.329106 0.329011
63 54 0.313585 0.357953 0.328462 0.357953 0.313585 0.328462 0.373345
63 57 0.312401 0.359405 0.328195 0.359405 0.312401 0.328195 0.416952
63 60 0.311328 0.361293 0.327379 0.361293 0.311328 0.327379 0.459742
63 63 0.310053 0.364041 0.325906 0.310053 0.364041 0.325906 0.500000
63 66 0.360608 0.311744 0.327648 0.311744 0.360608 0.327648 0.539267
63 69 0.358254 0.313122 0.328624 0.313122 0.358254 0.328624 0.579005
63 72 0.356504 0.314484 0.329012 0.314484 0.356504 0.329012 0.617594
63 75 0.354409 0.315926 0.329665 0.315926 0.354409 0.329665 0.655154
63 78 0.352521 0.317347 0.330132 0.317347 0.352521 0.330132 0.690970
63 81 0.350609 0.318767 0.330624 0.318767 0.350609 0.330624 0.724893
63 84 0.348833 0.320140 0.331027 0.320140 0.348833 0.331027 0.756591
63 87 0.347139 0.321465 0.331396 0.321465 0.347139 0.331396 0.785954
63 90 0.345574 0.322720 0.331706 0.322720 0.345574 0.331706 0.812867
63 93 0.344124 0.323901 0.331975 0.323901 0.344124 0.331975 0.837323
63 96 0.342801 0.324999 0.332200 0.324999 0.342801 0.332200 0.859349
63 99 0.341600 0.326010 0.332390 0.326010 0.341600 0.332390 0.879030

66 3 0.333324 0.333351 0.333324 0.333351 0.333324 0.333324 0.000108
66 6 0.333281 0.333401 0.333317 0.333401 0.333281 0.333317 0.000376
66 9 0.333196 0.333520 0.333284 0.333520 0.333196 0.333284 0.001162
66 12 0.332997 0.333746 0.333257 0.333746 0.332997 0.333257 0.002663
66 15 0.332696 0.334115 0.333189 0.334115 0.332696 0.333189 0.005520
66 18 0.332193 0.334680 0.333127 0.334680 0.332193 0.333127 0.010103
66 21 0.331530 0.335452 0.333018 0.335452 0.331530 0.333018 0.017198
66 24 0.330620 0.336476 0.332904 0.336476 0.330620 0.332904 0.027245
66 27 0.329530 0.337734 0.332736 0.337734 0.329530 0.332736 0.040930
66 30 0.328211 0.339242 0.332546 0.339242 0.328211 0.332546 0.058559
66 33 0.326748 0.340960 0.332292 0.340960 0.326748 0.332292 0.080485
66 36 0.325131 0.342872 0.331998 0.342872 0.325131 0.331998 0.106688
66 39 0.323442 0.344925 0.331633 0.344925 0.323442 0.331633 0.137078
66 42 0.321702 0.347072 0.331227 0.347072 0.321702 0.331227 0.171242
66 45 0.319975 0.349272 0.330753 0.349272 0.319975 0.330753 0.208695
66 48 0.318296 0.351433 0.330271 0.351433 0.318296 0.330271 0.248703
66 51 0.316702 0.353578 0.329720 0.353578 0.316702 0.329720 0.290584
66 54 0.315239 0.355502 0.329259 0.355502 0.315239 0.329259 0.333409
66 57 0.313900 0.357444 0.328656 0.357444 0.313900 0.328656 0.376597
66 60 0.312767 0.358815 0.328418 0.358815 0.312767 0.328418 0.419049
66 63 0.311744 0.360608 0.327648 0.360608 0.311744 0.327648 0.460733
66 66 0.310503 0.363236 0.326261 0.310503 0.363236 0.326261 0.500000
66 69 0.359966 0.312134 0.327900 0.312134 0.359966 0.327900 0.538357
66 72 0.357734 0.313453 0.328813 0.313453 0.357734 0.328813 0.577189
66 75 0.356073 0.314756 0.329171 0.314756 0.356073 0.329171 0.614977
66 78 0.354080 0.316138 0.329781 0.316138 0.354080 0.329781 0.651822
66 81 0.352276 0.317503 0.330222 0.317503 0.352276 0.330222 0.687053
66 84 0.350446 0.318868 0.330686 0.318868 0.350446 0.330686 0.720512
66 87 0.348737 0.320193 0.331070 0.320193 0.348737 0.331070 0.751880
66 90 0.347103 0.321475 0.331422 0.321475 0.347103 0.331422 0.781035
66 93 0.345585 0.322693 0.331721 0.322693 0.345585 0.331721 0.807859
66 96 0.344175 0.323843 0.331981 0.323843 0.344175 0.331981 0.832329
66 99 0.342883 0.324916 0.332201 0.324916 0.342883 0.332201 0.854459

69 3 0.333327 0.333345 0.333327 0.333345 0.333327 0.333327 0.000072
69 6 0.333298 0.333380 0.333322 0.333380 0.333298 0.333322 0.000257
69 9 0.333237 0.333464 0.333299 0.333464 0.333237 0.333299 0.000813
69 12 0.333093 0.333630 0.333277 0.333630 0.333093 0.333277 0.001904
69 15 0.332866 0.333908 0.333226 0.333908 0.332866 0.333226 0.004025
69 18 0.332480 0.334344 0.333177 0.334344 0.332480 0.333177 0.007508
69 21 0.331954 0.334956 0.333091 0.334956 0.331954 0.333091 0.013014
69 24 0.331215 0.335785 0.333000 0.335785 0.331215 0.333000 0.020979
69 27 0.330306 0.336827 0.332868 0.336827 0.330306 0.332868 0.032047
69 30 0.329181 0.338103 0.332716 0.338103 0.329181 0.332716 0.046595
69 33 0.327900 0.339585 0.332515 0.339585 0.327900 0.332515 0.065042
69 36 0.326453 0.341270 0.332277 0.341270 0.326453 0.332277 0.087519
69 39 0.324907 0.343110 0.331983 0.343110 0.324907 0.331983 0.114077
69 42 0.323275 0.345085 0.331640 0.345085 0.323275 0.331640 0.144501
69 45 0.321624 0.347128 0.331248 0.347128 0.321624 0.331248 0.178448
69 48 0.319974 0.349222 0.330804 0.349222 0.319974 0.330804 0.215395
69 51 0.318385 0.351267 0.330348 0.351267 0.318385 0.330348 0.254691
69 54 0.316865 0.353299 0.329836 0.353299 0.316865 0.329836 0.295666
69 57 0.315479 0.355116 0.329405 0.355116 0.315479 0.329405 0.337489
69 60 0.314198 0.356958 0.328844 0.356958 0.314198 0.328844 0.379599
69 63 0.313122 0.358254 0.328624 0.358254 0.313122 0.328624 0.420995
69 66 0.312134 0.359966 0.327900 0.359966 0.312134 0.327900 0.461643
69 69 0.310934 0.362481 0.326585 0.310934 0.362481 0.326585 0.500000
69 72 0.359369 0.312505 0.328126 0.312505 0.359369 0.328126 0.537499
69 75 0.357241 0.313771 0.328987 0.313771 0.357241 0.328987 0.575493
69 78 0.355666 0.315018 0.329316 0.315018 0.355666 0.329316 0.612520
69 81 0.353763 0.316345 0.329892 0.316345 0.353763 0.329892 0.648693
69 84 0.352039 0.317656 0.330305 0.317656 0.352039 0.330305 0.683359
69 87 0.350283 0.318972 0.330746 0.318972 0.350283 0.330746 0.716368
69 90 0.348639 0.320251 0.331111 0.320251 0.348639 0.331111 0.747406
69 93 0.347059 0.321492 0.331449 0.321492 0.347059 0.331449 0.776347
69 96 0.345589 0.322675 0.331737 0.322675 0.345589 0.331737 0.803066
69 99 0.344216 0.323795 0.331989 0.323795 0.344216 0.331989 0.827530

72 3 0.333329 0.333341 0.333329 0.333341 0.333329 0.333329 0.000048
72 6 0.333310 0.333365 0.333325 0.333365 0.333310 0.333325 0.000176
72 9 0.333266 0.333425 0.333309 0.333425 0.333266 0.333309 0.000568
72 12 0.333162 0.333546 0.333292 0.333546 0.333162 0.333292 0.001359
72 15 0.332992 0.333755 0.333253 0.333755 0.332992 0.333253 0.002927
72 18 0.332696 0.334090 0.333213 0.334090 0.332696 0.333213 0.005563
72 21 0.332282 0.334573 0.333146 0.334573 0.332282 0.333146 0.009812
72 24 0.331687 0.335240 0.333073 0.335240 0.331687 0.333073 0.016086
72 27 0.330936 0.336098 0.332967 0.336098 0.330936 0.332967 0.024975
72 30 0.329986 0.337168 0.332846 0.337168 0.329986 0.332846 0.036884
72 33 0.328878 0.338437 0.332684 0.338437 0.328878 0.332684 0.052270
72 36 0.327601 0.339906 0.332494 0.339906 0.327601 0.332494 0.071365
72 39 0.326203 0.341543 0.332254 0.341543 0.326203 0.332254 0.094341
72 42 0.324700 0.343327 0.331973 0.343327 0.324700 0.331973 0.121131
72 45 0.323142 0.345219 0.331639 0.345219 0.323142 0.331639 0.151560
72 48 0.321557 0.347174 0.331269 0.347174 0.321557 0.331269 0.185237
72 51 0.319989 0.349164 0.330847 0.349164 0.319989 0.330847 0.221695
72 54 0.318472 0.351108 0.330420 0.351108 0.318472 0.330420 0.260290
72 57 0.317028 0.353034 0.329938 0.353034 0.317028 0.329938 0.300421
72 60 0.315704 0.354757 0.329538 0.354757 0.315704 0.329538 0.341293
72 63 0.314484 0.356504 0.329012 0.356504 0.314484 0.329012 0.382406
72 66 0.313453 0.357734 0.328813 0.357734 0.313453 0.328813 0.422811
72 69 0.312505 0.359369 0.328126 0.359369 0.312505 0.328126 0.462501
72 72 0.311338 0.361781 0.326881 0.311338 0.361781 0.326881 0.500000
72 75 0.358808 0.312855 0.328337 0.312855 0.358808 0.328337 0.536701
72 78 0.356780 0.314072 0.329148 0.314072 0.356780 0.329148 0.573901
72 81 0.355279 0.315268 0.329453 0.315268 0.355279 0.329453 0.610215
72 84 0.353461 0.316544 0.329995 0.316544 0.353461 0.329995 0.645744
72 87 0.351809 0.317806 0.330385 0.317806 0.351809 0.330385 0.679870
72 90 0.350123 0.319074 0.330803 0.319074 0.350123 0.330803 0.712442
72 93 0.348538 0.320311 0.331151 0.320311 0.348538 0.331151 0.743153
72 96 0.347011 0.321513 0.331475 0.321513 0.347011 0.331475 0.771875
72 99 0.345584 0.322663 0.331753 0.322663 0.345584 0.331753 0.798477

75 3 0.333331 0.333339 0.333331 0.333339 0.333331 0.333331 0.000032
75 6 0.333317 0.333355 0.333328 0.333355 0.333317 0.333328 0.000120
75 9 0.333287 0.333398 0.333316 0.333398 0.333287 0.333316 0.000396
75 12 0.333211 0.333485 0.333303 0.333485 0.333211 0.333303 0.000967
75 15 0.333085 0.333642 0.333274 0.333642 0.333085 0.333274 0.002123
75 18 0.332860 0.333897 0.333242 0.333897 0.332860 0.333242 0.004108
75 21 0.332536 0.334275 0.333189 0.334275 0.332536 0.333189 0.007370
75 24 0.332062 0.334808 0.333130 0.334808 0.332062 0.333130 0.012283
75 27 0.331446 0.335508 0.333046 0.335508 0.331446 0.333046 0.019373
75 30 0.330653 0.336399 0.332948 0.336399 0.330653 0.332948 0.029049
75 33 0.329706 0.337475 0.332819 0.337475 0.329706 0.332819 0.041777
75 36 0.328591 0.338744 0.332665 0.338744 0.328591 0.332665 0.057858
75 39 0.327345 0.340183 0.332472 0.340183 0.327345 0.332472 0.077544
75 42 0.325977 0.341781 0.332242 0.341781 0.325977 0.332242 0.100901
75 45 0.324531 0.343502 0.331967 0.343502 0.324531 0.331967 0.127876
75 48 0.323029 0.345323 0.331648 0.345323 0.323029 0.331648 0.158243
75 51 0.321516 0.347191 0.331293 0.347191 0.321516 0.331293 0.191643
75 54 0.320014 0.349091 0.330895 0.349091 0.320014 0.330895 0.227603
75 57 0.318569 0.350940 0.330491 0.350940 0.318569 0.330491 0.265535
75 60 0.317188 0.352772 0.330039 0.352772 0.317188 0.330039 0.304860
75 63 0.315926 0.354409 0.329665 0.354409 0.315926 0.329665 0.344846
75 66 0.314756 0.356073 0.329171 0.356073 0.314756 0.329171 0.385023
75 69 0.313771 0.357241 0.328987 0.357241 0.313771 0.328987 0.424507
75 72 0.312855 0.358808 0.328337 0.358808 0.312855 0.328337 0.463299
75 75 0.311723 0.361125 0.327152 0.311723 0.361125 0.327152 0.500000
75 78 0.358281 0.313188 0.328530 0.313188 0.358281 0.328530 0.535949
75 81 0.356342 0.314360 0.329298 0.314360 0.356342 0.329298 0.572406
75 84 0.354912 0.315509 0.329580 0.315509 0.354912 0.329580 0.608041
75 87 0.353171 0.316737 0.330093 0.316737 0.353171 0.330093 0.642961
75 90 0.351587 0.317952 0.330460 0.317952 0.351587 0.330460 0.676567
75 93 0.349964 0.319178 0.330858 0.319178 0.349964 0.330858 0.708715
75 96 0.348436 0.320374 0.331191 0.320374 0.348436 0.331191 0.739103
75 99 0.346959 0.321540 0.331502 0.321540 0.346959 0.331502 0.767602

78 3 0.333332 0.333337 0.333332 0.333337 0.333332 0.333332 0.000021
78 6 0.333322 0.333348 0.333330 0.333348 0.333322 0.333330 0.000082
78 9 0.333301 0.333378 0.333321 0.333378 0.333301 0.333321 0.000276
78 12 0.333247 0.333442 0.333311 0.333442 0.333247 0.333311 0.000688
78 15 0.333153 0.333558 0.333289 0.333558 0.333153 0.333289 0.001537
78 18 0.332983 0.333753 0.333264 0.333753 0.332983 0.333264 0.003025
78 21 0.332731 0.334047 0.333222 0.334047 0.332731 0.333222 0.005518
78 24 0.332355 0.334470 0.333175 0.334470 0.332355 0.333175 0.009344
78 27 0.331855 0.335038 0.333106 0.335038 0.331855 0.333106 0.014965
78 30 0.331199 0.335774 0.333028 0.335774 0.331199 0.333028 0.022775
78 33 0.330396 0.336681 0.332923 0.336681 0.330396 0.332923 0.033227
78 36 0.329434 0.337767 0.332799 0.337767 0.329434 0.332799 0.046659
78 39 0.328335 0.339022 0.332642 0.339022 0.328335 0.332642 0.063383
78 42 0.327107 0.340438 0.332455 0.340438 0.327107 0.332455 0.083554
78 45 0.325781 0.341991 0.332227 0.341991 0.325781 0.332227 0.107236
78 48 0.324380 0.343657 0.331963 0.343657 0.324380 0.331963 0.134324
78 51 0.322938 0.345407 0.331655 0.345407 0.322938 0.331655 0.164602
78 54 0.321485 0.347198 0.331317 0.347198 0.321485 0.331317 0.197700
78 57 0.320049 0.349012 0.330938 0.349012 0.320049 0.330938 0.233177
78 60 0.318666 0.350776 0.330558 0.350776 0.318666 0.330558 0.270465
78 63 0.317347 0.352521 0.330132 0.352521 0.317347 0.330132 0.309030
78 66 0.316138 0.354080 0.329781 0.354080 0.316138 0.329781 0.348178
78 69 0.315018 0.355666 0.329316 0.355666 0.315018 0.329316 0.387480
78 72 0.314072 0.356780 0.329148 0.356780 0.314072 0.329148 0.426099
78 75 0.313188 0.358281 0.328530 0.358281 0.313188 0.328530 0.464051
78 78 0.312088 0.360511 0.327401 0.312088 0.360511 0.327401 0.500000
78 81 0.357785 0.313505 0.328710 0.313505 0.357785 0.328710 0.535243
78 84 0.355929 0.314635 0.329437 0.314635 0.355929 0.329437 0.570996
78 87 0.354562 0.315739 0.329699 0.315739 0.354562 0.329699 0.605990
78 90 0.352893 0.316923 0.330184 0.316923 0.352893 0.330184 0.640327
78 93 0.351372 0.318096 0.330533 0.318096 0.351372 0.330533 0.673435
78 96 0.349809 0.319280 0.330911 0.319280 0.349809 0.330911 0.705171
78 99 0.348333 0.320438 0.331229 0.320438 0.348333 0.331229 0.735241

81 3 0.333332 0.333336 0.333332 0.333336 0.333332 0.333332 0.000014
81 6 0.333326 0.333343 0.333331 0.333343 0.333326 0.333331 0.000056
81 9 0.333311 0.333365 0.333325 0.333365 0.333311 0.333325 0.000192
81 12 0.333272 0.333411 0.333317 0.333411 0.333272 0.333317 0.000488
81 15 0.333202 0.333497 0.333301 0.333497 0.333202 0.333301 0.001109
81 18 0.333075 0.333644 0.333281 0.333644 0.333075 0.333281 0.002221
81 21 0.332880 0.333872 0.333248 0.333872 0.332880 0.333248 0.004118
81 24 0.332585 0.334206 0.333210 0.334206 0.332585 0.333210 0.007082
81 27 0.332182 0.334663 0.333155 0.334663 0.332182 0.333155 0.011514
81 30 0.331643 0.335267 0.333091 0.335267 0.331643 0.333091 0.017778
81 33 0.330969 0.336024 0.333006 0.336024 0.330969 0.333006 0.026301
81 36 0.330147 0.336947 0.332906 0.336947 0.330147 0.332906 0.037438
81 39 0.329189 0.338032 0.332779 0.338032 0.329189 0.332779 0.051529
81 42 0.328098 0.339276 0.332626 0.339276 0.328098 0.332626 0.068800
81 45 0.326898 0.340662 0.332440 0.340662 0.326898 0.332440 0.089399
81 48 0.325606 0.342174 0.332219 0.342174 0.325606 0.332219 0.113332
81 51 0.324254 0.343784 0.331962 0.343784 0.324254 0.331962 0.140493
81 54 0.322863 0.345469 0.331667 0.345469 0.322863 0.331667 0.170645
81 57 0.321469 0.347187 0.331343 0.347187 0.321469 0.331343 0.203435
81 60 0.320092 0.348925 0.330984 0.348925 0.320092 0.330984 0.238434
81 63 0.318767 0.350609 0.330624 0.350609 0.318767 0.330624 0.275107
81 66 0.317503 0.352276 0.330222 0.352276 0.317503 0.330222 0.312947
81 69 0.316345 0.353763 0.329892 0.353763 0.316345 0.329892 0.351307
81 72 0.315268 0.355279 0.329453 0.355279 0.315268 0.329453 0.389785
81 75 0.314360 0.356342 0.329298 0.356342 0.314360 0.329298 0.427594
81 78 0.313505 0.357785 0.328710 0.357785 0.313505 0.328710 0.464757
81 81 0.312436 0.359933 0.327632 0.312436 0.359933 0.327632 0.500000
81 84 0.357317 0.313808 0.328875 0.313808 0.357317 0.328875 0.534575
81 87 0.355536 0.314898 0.329566 0.314898 0.355536 0.329566 0.569665
81 90 0.354229 0.315961 0.329810 0.315961 0.354229 0.329810 0.604049
81 93 0.352625 0.317104 0.330271 0.317104 0.352625 0.330271 0.637831
81 96 0.351163 0.318236 0.330601 0.318236 0.351163 0.330601 0.670460
81 99 0.349656 0.319382 0.330962 0.319382 0.349656 0.330962 0.701796

84 3 0.333333 0.333335 0.333333 0.333335 0.333333 0.333333 0.000009
84 6 0.333328 0.333340 0.333331 0.333340 0.333328 0.333331 0.000038
84 9 0.333318 0.333355 0.333327 0.333355 0.333318 0.333327 0.000134
84 12 0.333290 0.333388 0.333322 0.333388 0.333290 0.333322 0.000346
84 15 0.333239 0.333452 0.333309 0.333452 0.333239 0.333309 0.000799
84 18 0.333143 0.333563 0.333294 0.333563 0.333143 0.333294 0.001627
84 21 0.332994 0.333738 0.333268 0.333738 0.332994 0.333268 0.003064
84 24 0.332762 0.334000 0.333237 0.334000 0.332762 0.333237 0.005350
84 27 0.332440 0.334367 0.333193 0.334367 0.332440 0.333193 0.008826
84 30 0.332001 0.334859 0.333141 0.334859 0.332001 0.333141 0.013821
84 33 0.331441 0.335487 0.333072 0.335487 0.331441 0.333072 0.020728
84 36 0.330744 0.336266 0.332990 0.336266 0.330744 0.332990 0.029899
84 39 0.329917 0.337197 0.332886 0.337197 0.329917 0.332886 0.041684
84 42 0.328958 0.338280 0.332762 0.338280 0.328958 0.332762 0.056354
84 45 0.327884 0.339507 0.332609 0.339507 0.327884 0.332609 0.074119
84 48 0.326707 0.340865 0.332427 0.340865 0.326707 0.332427 0.095072
84 51 0.325453 0.342336 0.332211 0.342336 0.325453 0.332211 0.119209
84 54 0.324143 0.343894 0.331963 0.343894 0.324143 0.331963 0.146397
84 57 0.322804 0.345518 0.331678 0.345518 0.322804 0.331678 0.176404
84 60 0.321462 0.347169 0.331369 0.347169 0.321462 0.331369 0.208877
84 63 0.320140 0.348833 0.331027 0.348833 0.320140 0.331027 0.243409
84 66 0.318868 0.350446 0.330686 0.350446 0.318868 0.330686 0.279488
84 69 0.317656 0.352039 0.330305 0.352039 0.317656 0.330305 0.316641
84 72 0.316544 0.353461 0.329995 0.353461 0.316544 0.329995 0.354256
84 75 0.315509 0.354912 0.329580 0.354912 0.315509 0.329580 0.391959
84 78 0.314635 0.355929 0.329437 0.355929 0.314635 0.329437 0.429004
84 81 0.313808 0.357317 0.328875 0.357317 0.313808 0.328875 0.465425
84 84 0.312766 0.359389 0.327845 0.312766 0.359389 0.327845 0.500000
84 87 0.356874 0.314096 0.329030 0.314096 0.356874 0.329030 0.533945
84 90 0.355163 0.315149 0.329688 0.315149 0.355163 0.329688 0.568405
84 93 0.353910 0.316174 0.329915 0.316174 0.353910 0.329915 0.602210
84 96 0.352369 0.317278 0.330353 0.317278 0.352369 0.330353 0.635461
84 99 0.350961 0.318373 0.330666 0.318373 0.350961 0.330666 0.667629

87 3 0.333333 0.333334 0.333333 0.333334 0.333333 0.333333 0.000006
87 6 0.333330 0.333338 0.333332 0.333338 0.333330 0.333332 0.000026
87 9 0.333322 0.333349 0.333329 0.333349 0.333322 0.333329 0.000093
87 12 0.333303 0.333372 0.333325 0.333372 0.333303 0.333325 0.000244
87 15 0.333265 0.333419 0.333316 0.333419 0.333265 0.333316 0.000575
87 18 0.333194 0.333502 0.333304 0.333502 0.333194 0.333304 0.001189
87 21 0.333080 0.333637 0.333284 0.333637 0.333080 0.333284 0.002273
87 24 0.332900 0.333842 0.333259 0.333842 0.332900 0.333259 0.004029
87 27 0.332644 0.334133 0.333223 0.334133 0.332644 0.333223 0.006741
87 30 0.332288 0.334532 0.333180 0.334532 0.332288 0.333180 0.010703
87 33 0.331826 0.335050 0.333124 0.335050 0.331826 0.333124 0.016268
87 36 0.331240 0.335702 0.333057 0.335702 0.331240 0.333057 0.023771
87 39 0.330533 0.336494 0.332973 0.336494 0.330533 0.332973 0.033559
87 42 0.329698 0.337431 0.332871 0.337431 0.329698 0.332871 0.045927
87 45 0.328747 0.338508 0.332746 0.338508 0.328747 0.332746 0.061127
87 48 0.327687 0.339717 0.332596 0.339717 0.327687 0.332596 0.079318
87 51 0.326538 0.341045 0.332417 0.341045 0.326538 0.332417 0.100577
87 54 0.325317 0.342476 0.332207 0.342476 0.325317 0.332207 0.124869
87 57 0.324050 0.343984 0.331966 0.343984 0.324050 0.331966 0.152054
87 60 0.322757 0.345551 0.331692 0.345551 0.322757 0.331692 0.181892
87 63 0.321465 0.347139 0.331396 0.347139 0.321465 0.331396 0.214046
87 66 0.320193 0.348737 0.331070 0.348737 0.320193 0.331070 0.248120
87 69 0.318972 0.350283 0.330746 0.350283 0.318972 0.330746 0.283632
87 72 0.317806 0.351809 0.330385 0.351809 0.317806 0.330385 0.320130
87 75 0.316737 0.353171 0.330093 0.353171 0.316737 0.330093 0.357039
87 78 0.315739 0.354562 0.329699 0.354562 0.315739 0.329699 0.394010
87 81 0.314898 0.355536 0.329566 0.355536 0.314898 0.329566 0.430335
87 84 0.314096 0.356874 0.329030 0.356874 0.314096 0.329030 0.466055
87 87 0.313082 0.358875 0.328044 0.313082 0.358875 0.328044 0.500000
87 90 0.356454 0.314372 0.329174 0.314372 0.356454 0.329174 0.533347
87 93 0.354809 0.315390 0.329801 0.315390 0.354809 0.329801 0.567210
87 96 0.353606 0.316380 0.330014 0.316380 0.353606 0.330014 0.600463
87 99 0.352122 0.317447 0.330431 0.317447 0.352122 0.330431 0.633206

90 3 0.333333 0.333334 0.333333 0.333334 0.333333 0.333333 0.000004
90 6 0.333331 0.333337 0.333332 0.333337 0.333331 0.333332 0.000018
90 9 0.333326 0.333344 0.333330 0.333344 0.333326 0.333330 0.000064
90 12 0.333312 0.333361 0.333327 0.333361 0.333312 0.333327 0.000173
90 15 0.333284 0.333395 0.333320 0.333395 0.333284 0.333320 0.000412
90 18 0.333231 0.333458 0.333311 0.333458 0.333231 0.333311 0.000867
90 21 0.333144 0.333560 0.333295 0.333560 0.333144 0.333295 0.001683
90 24 0.333005 0.333719 0.333276 0.333719 0.333005 0.333276 0.003025
90 27 0.332803 0.333950 0.333247 0.333950 0.332803 0.333247 0.005132
90 30 0.332517 0.334271 0.333212 0.334271 0.332517 0.333212 0.008259
90 33 0.332138 0.334695 0.333166 0.334695 0.332138 0.333166 0.012718
90 36 0.331650 0.335239 0.333111 0.335239 0.331650 0.333111 0.018819
90 39 0.331050 0.335909 0.333042 0.335909 0.331050 0.333042 0.026898
90 42 0.330329 0.336712 0.332958 0.336712 0.330329 0.332958 0.037254
90 45 0.329495 0.337650 0.332855 0.337650 0.329495 0.332855 0.050163
90 48 0.328550 0.338719 0.332732 0.338719 0.328550 0.332732 0.065833
90 51 0.327508 0.339909 0.332583 0.339909 0.327508 0.332583 0.084403
90 54 0.326384 0.341208 0.332408 0.341208 0.326384 0.332408 0.105916
90 57 0.325198 0.342600 0.332203 0.342600 0.325198 0.332203 0.130324
90 60 0.323969 0.344061 0.331970 0.344061 0.323969 0.331970 0.157476
90 63 0.322720 0.345574 0.331706 0.345574 0.322720 0.331706 0.187133
90 66 0.321475 0.347103 0.331422 0.347103 0.321475 0.331422 0.218965
90 69 0.320251 0.348639 0.331111 0.348639 0.320251 0.331111 0.252594
90 72 0.319074 0.350123 0.330803 0.350123 0.319074 0.330803 0.287558
90 75 0.317952 0.351587 0.330460 0.351587 0.317952 0.330460 0.323433
90 78 0.316923 0.352893 0.330184 0.352893 0.316923 0.330184 0.359673
90 81 0.315961 0.354229 0.329810 0.354229 0.315961 0.329810 0.395951
90 84 0.315149 0.355163 0.329688 0.355163 0.315149 0.329688 0.431595
90 87 0.314372 0.356454 0.329174 0.356454 0.314372 0.329174 0.466653
90 90 0.313383 0.358389 0.328228 0.313383 0.358389 0.328228 0.500000
90 93 0.356055 0.314636 0.329309 0.314636 0.356055 0.329309 0.532780
90 96 0.354471 0.315622 0.329908 0.315622 0.354471 0.329908 0.566075
90 99 0.353315 0.316578 0.330107 0.316578 0.353315 0.330107 0.598802

93 3 0.333333 0.333334 0.333333 0.333334 0.333333 0.333333 0.000003
93 6 0.333332 0.333335 0.333333 0.333335 0.333332 0.333333 0.000012
93 9 0.333328 0.333341 0.333331 0.333341 0.333328 0.333331 0.000045
93 12 0.333318 0.333353 0.333329 0.333353 0.333318 0.333329 0.000122
93 15 0.333298 0.333378 0.333324 0.333378 0.333298 0.333324 0.000296
93 18 0.333259 0.333424 0.333317 0.333424 0.333259 0.333317 0.000631
93 21 0.333193 0.333502 0.333305 0.333502 0.333193 0.333305 0.001242
93 24 0.333086 0.333625 0.333289 0.333625 0.333086 0.333289 0.002265
93 27 0.332927 0.333807 0.333266 0.333807 0.332927 0.333266 0.003895
93 30 0.332699 0.334064 0.333237 0.334064 0.332699 0.333237 0.006351
93 33 0.332390 0.334410 0.333200 0.334410 0.332390 0.333200 0.009905
93 36 0.331987 0.334859 0.333154 0.334859 0.331987 0.333154 0.014840
93 39 0.331481 0.335422 0.333097 0.335422 0.331481 0.333097 0.021467
93 42 0.330865 0.336107 0.333028 0.336107 0.330865 0.333028 0.030082
93 45 0.330139 0.336918 0.332944 0.336918 0.330139 0.332944 0.040971
93 48 0.329303 0.337855 0.332842 0.337855 0.329303 0.332842 0.054371
93 51 0.328369 0.338912 0.332719 0.338912 0.328369 0.332719 0.070466
93 54 0.327344 0.340083 0.332573 0.340083 0.327344 0.332573 0.089364
93 57 0.326246 0.341353 0.332401 0.341353 0.326246 0.332401 0.111091
93 60 0.325092 0.342707 0.332201 0.342707 0.325092 0.332201 0.135581
93 63 0.323901 0.344124 0.331975 0.344124 0.323901 0.331975 0.162677
93 66 0.322693 0.345585 0.331721 0.345585 0.322693 0.331721 0.192141
93 69 0.321492 0.347059 0.331449 0.347059 0.321492 0.331449 0.223653
93 72 0.320311 0.348538 0.331151 0.348538 0.320311 0.331151 0.256847
93 75 0.319178 0.349964 0.330858 0.349964 0.319178 0.330858 0.291285
93 78 0.318096 0.351372 0.330533 0.351372 0.318096 0.330533 0.326565
93 81 0.317104 0.352625 0.330271 0.352625 0.317104 0.330271 0.362169
93 84 0.316174 0.353910 0.329915 0.353910 0.316174 0.329915 0.397790
93 87 0.315390 0.354809 0.329801 0.354809 0.315390 0.329801 0.432790
93 90 0.314636 0.356055 0.329309 0.356055 0.314636 0.329309 0.467220
93 93 0.313672 0.357928 0.328400 0.313672 0.357928 0.328400 0.500000
93 96 0.355676 0.314889 0.329435 0.314889 0.355676 0.329435 0.532241
93 99 0.354148 0.315844 0.330008 0.315844 0.354148 0.330008 0.564995

96 3 0.333333 0.333334 0.333333 0.333334 0.333333 0.333333 0.000002
96 6 0.333332 0.333335 0.333333 0.333335 0.333332 0.333333 0.000008
96 9 0.333330 0.333338 0.333332 0.333338 0.333330 0.333332 0.000031
96 12 0.333323 0.333347 0.333330 0.333347 0.333323 0.333330 0.000086
96 15 0.333308 0.333365 0.333326 0.333365 0.333308 0.333326 0.000211
96 18 0.333279 0.333400 0.333321 0.333400 0.333279 0.333321 0.000458
96 21 0.333230 0.333459 0.333312 0.333459 0.333230 0.333312 0.000915
96 24 0.333147 0.333554 0.333299 0.333554 0.333147 0.333299 0.001691
96 27 0.333023 0.333696 0.333281 0.333696 0.333023 0.333281 0.002947
96 30 0.332842 0.333901 0.333258 0.333901 0.332842 0.333258 0.004868
96 33 0.332592 0.334181 0.333227 0.334181 0.332592 0.333227 0.007688
96 36 0.332261 0.334550 0.333189 0.334550 0.332261 0.333189 0.011658
96 39 0.331838 0.335020 0.333142 0.335020 0.331838 0.333142 0.017064
96 42 0.331315 0.335600 0.333085 0.335600 0.331315 0.333085 0.024188
96 45 0.330688 0.336296 0.333015 0.336296 0.330688 0.333015 0.033314
96 48 0.329957 0.337112 0.332931 0.337112 0.329957 0.332931 0.044694
96 51 0.329125 0.338046 0.332829 0.338046 0.329125 0.332829 0.058544
96 54 0.328201 0.339092 0.332708 0.339092 0.328201 0.332708 0.075018
96 57 0.327195 0.340242 0.332563 0.340242 0.327195 0.332563 0.094205
96 60 0.326122 0.341484 0.332395 0.341484 0.326122 0.332395 0.116107
96 63 0.324999 0.342801 0.332200 0.342801 0.324999 0.332200 0.140651
96 66 0.323843 0.344175 0.331981 0.344175 0.323843 0.331981 0.167671
96 69 0.322675 0.345589 0.331737 0.345589 0.322675 0.331737 0.196934
96 72 0.321513 0.347011 0.331475 0.347011 0.321513 0.331475 0.228125
96 75 0.320374 0.348436 0.331191 0.348436 0.320374 0.331191 0.260897
96 78 0.319280 0.349809 0.330911 0.349809 0.319280 0.330911 0.294829
96 81 0.318236 0.351163 0.330601 0.351163 0.318236 0.330601 0.329540
96 84 0.317278 0.352369 0.330353 0.352369 0.317278 0.330353 0.364539
96 87 0.316380 0.353606 0.330014 0.353606 0.316380 0.330014 0.399537
96 90 0.315622 0.354471 0.329908 0.354471 0.315622 0.329908 0.433925
96 93 0.314889 0.355676 0.329435 0.355676 0.314889 0.329435 0.467759
96 96 0.313948 0.357491 0.328561 0.313948 0.357491 0.328561 0.500000
96 99 0.355315 0.315131 0.329554 0.315131 0.355315 0.329554 0.531728

99 3 0.333333 0.333334 0.333333 0.333334 0.333333 0.333333 0.000001
99 6 0.333333 0.333334 0.333333 0.333334 0.333333 0.333333 0.000006
99 9 0.333331 0.333337 0.333332 0.333337 0.333331 0.333332 0.000021
99 12 0.333326 0.333343 0.333331 0.333343 0.333326 0.333331 0.000060
99 15 0.333315 0.333356 0.333328 0.333356 0.333315 0.333328 0.000151
99 18 0.333294 0.333382 0.333324 0.333382 0.333294 0.333324 0.000332
99 21 0.333257 0.333426 0.333317 0.333426 0.333257 0.333317 0.000672
99 24 0.333194 0.333499 0.333307 0.333499 0.333194 0.333307 0.001260
99 27 0.333097 0.333610 0.333293 0.333610 0.333097 0.333293 0.002224
99 30 0.332954 0.333772 0.333274 0.333772 0.332954 0.333274 0.003720
99 33 0.332754 0.333998 0.333249 0.333998 0.332754 0.333249 0.005947
99 36 0.332483 0.334300 0.333218 0.334300 0.332483 0.333218 0.009126
99 39 0.332132 0.334690 0.333179 0.334690 0.332132 0.333179 0.013512
99 42 0.331691 0.335178 0.333131 0.335178 0.331691 0.333131 0.019371
99 45 0.331154 0.335772 0.333073 0.335772 0.331154 0.333073 0.026973
99 48 0.330519 0.336478 0.333003 0.336478 0.330519 0.333003 0.036576
99 51 0.329786 0.337295 0.332919 0.337295 0.329786 0.332919 0.048413
99 54 0.328958 0.338224 0.332818 0.338224 0.328958 0.332818 0.062672
99 57 0.328046 0.339257 0.332697 0.339257 0.328046 0.332697 0.079487
99 60 0.327058 0.340387 0.332555 0.340387 0.327058 0.332555 0.098923
99 63 0.326010 0.341600 0.332390 0.341600 0.326010 0.332390 0.120970
99 66 0.324916 0.342883 0.332201 0.342883 0.324916 0.332201 0.145541
99 69 0.323795 0.344216 0.331989 0.344216 0.323795 0.331989 0.172470
99 72 0.322663 0.345584 0.331753 0.345584 0.322663 0.331753 0.201523
99 75 0.321540 0.346959 0.331502 0.346959 0.321540 0.331502 0.232398
99 78 0.320438 0.348333 0.331229 0.348333 0.320438 0.331229 0.264759
99 81 0.319382 0.349656 0.330962 0.349656 0.319382 0.330962 0.298204
99 84 0.318373 0.350961 0.330666 0.350961 0.318373 0.330666 0.332371
99 87 0.317447 0.352122 0.330431 0.352122 0.317447 0.330431 0.366794
99 90 0.316578 0.353315 0.330107 0.353315 0.316578 0.330107 0.401198
99 93 0.315844 0.354148 0.330008 0.354148 0.315844 0.330008 0.435005
99 96 0.315131 0.355315 0.329554 0.355315 0.315131 0.329554 0.468272
99 99 0.314213 0.357075 0.328712 0.314213 0.357075 0.328712 0.500000

